1.040039978027343750e+02 1.040087814331054688e+02 1.040464553833007812e+02 1.041055831909179688e+02 1.041522521972656250e+02 1.042458877563476562e+02 1.043693847656250000e+02 1.044257659912109375e+02 1.044226455688476562e+02 1.044213027954101562e+02 1.044127960205078125e+02
4.417179489135742188e+01 4.429416275024414062e+01 4.439466094970703125e+01 4.432679748535156250e+01 4.427790451049804688e+01 4.441977310180664062e+01 4.456390380859375000e+01 4.450287246704101562e+01 4.438683319091796875e+01 4.444526672363281250e+01 4.453376007080078125e+01
9.054608643054962158e-02 1.649257689714431763e-01 2.236558943986892700e-01 2.848898768424987793e-01 2.940637469291687012e-01 2.952224612236022949e-01 2.935492396354675293e-01 3.137010931968688965e-01 3.111123442649841309e-01 3.245369791984558105e-01 2.889172434806823730e-01
1.300947219133377075e-01 1.826164275407791138e-01 1.958050280809402466e-01 2.024311572313308716e-01 1.503090411424636841e-01 9.681673347949981689e-02 9.751601517200469971e-02 1.572768241167068481e-01 2.304594069719314575e-01 2.814049124717712402e-01 2.818142771720886230e-01
2.528612017631530762e-01 3.267778754234313965e-01 3.742040991783142090e-01 3.441514372825622559e-01 3.010529875755310059e-01 3.236193060874938965e-01 3.530177474021911621e-01 3.326696753501892090e-01 2.884840369224548340e-01 2.295987159013748169e-01 1.996664553880691528e-01
2.962138056755065918e-01 3.727683424949645996e-01 5.241116881370544434e-01 6.148645281791687012e-01 6.280338168144226074e-01 5.845145583152770996e-01 4.766523241996765137e-01 3.332218527793884277e-01 1.674925833940505981e-01 1.625270396471023560e-01 1.996862441301345825e-01
1.454262286424636841e-01 2.106065303087234497e-01 2.935900092124938965e-01 3.213385939598083496e-01 2.687088847160339355e-01 2.193145304918289185e-01 2.696303725242614746e-01 3.110110163688659668e-01 2.904121279716491699e-01 2.466003447771072388e-01 2.332696467638015747e-01
1.856188327074050903e-01 1.281976252794265747e-01 7.283444702625274658e-02 1.037282496690750122e-01 1.623253375291824341e-01 1.807817965745925903e-01 2.155794650316238403e-01 2.320127040147781372e-01 2.129029780626296997e-01 1.286663562059402466e-01 7.693620026111602783e-02
1.594028025865554810e-01 1.762246638536453247e-01 1.744622737169265747e-01 1.741075068712234497e-01 1.418323069810867310e-01 1.505279093980789185e-01 1.909131556749343872e-01 2.240342646837234497e-01 2.024898082017898560e-01 1.597470790147781372e-01 1.323318034410476685e-01
5.570121109485626221e-02 9.228034317493438721e-02 1.149348765611648560e-01 1.058654338121414185e-01 9.129042923450469971e-02 1.074218302965164185e-01 1.472758799791336060e-01 1.853131800889968872e-01 2.176017314195632935e-01 2.147044688463211060e-01 2.096032649278640747e-01
3.999610245227813721e-02 6.324477493762969971e-02 6.493277847766876221e-02 5.380339920520782471e-02 5.041117966175079346e-02 8.353419601917266846e-02 1.277226954698562622e-01 1.437625437974929810e-01 1.356639415025711060e-01 8.440394699573516846e-02 2.858157455921173096e-02
8.761115372180938721e-02 9.961505234241485596e-02 1.124243289232254028e-01 1.011838465929031372e-01 7.262082397937774658e-02 7.369513809680938721e-02 1.037830859422683716e-01 1.224369555711746216e-01 9.815020859241485596e-02 5.251260101795196533e-02 1.446337904781103134e-02
1.007594615221023560e-01 1.313361674547195435e-01 1.734876185655593872e-01 2.056560069322586060e-01 2.086362391710281372e-01 1.766891032457351685e-01 1.188239604234695435e-01 1.010102778673171997e-01 1.349467784166336060e-01 1.550502330064773560e-01 1.332702189683914185e-01
5.259127914905548096e-02 6.643624603748321533e-02 1.165370494127273560e-01 1.981615573167800903e-01 2.438253909349441528e-01 2.452439814805984497e-01 2.347216159105300903e-01 2.303795367479324341e-01 2.437157183885574341e-01 2.316436320543289185e-01 2.070116549730300903e-01
8.931346237659454346e-02 8.090682327747344971e-02 7.705111801624298096e-02 1.193675547838211060e-01 1.599263697862625122e-01 1.690635234117507935e-01 1.529740840196609497e-01 1.773337870836257935e-01 2.226781398057937622e-01 2.630996108055114746e-01 2.826165556907653809e-01
1.109571009874343872e-01 1.285419017076492310e-01 1.341452151536941528e-01 1.110085994005203247e-01 6.279654800891876221e-02 3.693003952503204346e-02 5.748648941516876221e-02 9.363885223865509033e-02 1.525754481554031372e-01 1.711034327745437622e-01 1.633047610521316528e-01
1.407489329576492310e-01 1.757030040025711060e-01 2.343577891588211060e-01 2.424525767564773560e-01 2.202777415513992310e-01 2.224177867174148560e-01 2.345752269029617310e-01 2.418689280748367310e-01 1.883754283189773560e-01 9.522433578968048096e-02 3.295321762561798096e-02
8.327288925647735596e-02 1.602687388658523560e-01 2.471103221178054810e-01 2.879218459129333496e-01 2.672938704490661621e-01 2.345065623521804810e-01 2.156791239976882935e-01 2.083720713853836060e-01 1.814193278551101685e-01 1.424808055162429810e-01 1.208343058824539185e-01
1.292767077684402466e-01 1.788241416215896606e-01 2.168061286211013794e-01 1.736385375261306763e-01 9.470148384571075439e-02 6.534834206104278564e-02 6.689472496509552002e-02 1.074451953172683716e-01 1.430902034044265747e-01 1.364843398332595825e-01 1.004907637834548950e-01
2.456781417131423950e-01 2.398883849382400513e-01 2.131227999925613403e-01 1.442656069993972778e-01 1.035770922899246216e-01 1.071259528398513794e-01 1.606130152940750122e-01 2.281538993120193481e-01 2.550889849662780762e-01 2.187485247850418091e-01 1.838976889848709106e-01
2.728659510612487793e-01 2.053341418504714966e-01 9.485860168933868408e-02 5.286021530628204346e-02 9.075732529163360596e-02 1.074175387620925903e-01 1.478318721055984497e-01 2.303776293992996216e-01 2.628464102745056152e-01 2.270605117082595825e-01 1.887306720018386841e-01
8.467645943164825439e-02 1.251382380723953247e-01 1.913938075304031372e-01 2.088653594255447388e-01 1.587268859148025513e-01 1.151113063097000122e-01 1.203758269548416138e-01 1.341471225023269653e-01 1.251790076494216919e-01 1.132297068834304810e-01 9.988994896411895752e-02
3.213514685630798340e-01 3.609589934349060059e-01 4.082950949668884277e-01 4.367722868919372559e-01 3.948938250541687012e-01 2.679976820945739746e-01 1.399821788072586060e-01 6.805916130542755127e-02 8.334417641162872314e-02 9.783144295215606689e-02 7.839293777942657471e-02
1.407131701707839966e-01 2.448768168687820435e-01 3.720545172691345215e-01 4.302520155906677246e-01 3.937277197837829590e-01 3.262867331504821777e-01 2.642225623130798340e-01 2.142219096422195435e-01 1.373605281114578247e-01 6.202836334705352783e-02 2.622361481189727783e-02
9.241290390491485596e-02 1.634206324815750122e-01 2.566289305686950684e-01 2.625531554222106934e-01 1.678828746080398560e-01 6.585307419300079346e-02 9.212966263294219971e-02 1.743917018175125122e-01 1.880244761705398560e-01 1.645326167345046997e-01 1.502723246812820435e-01
1.380033046007156372e-01 1.886243373155593872e-01 2.487620860338211060e-01 2.317580729722976685e-01 1.960916072130203247e-01 1.541595011949539185e-01 1.184405833482742310e-01 8.277793228626251221e-02 9.502787888050079346e-02 1.783809214830398560e-01 2.019891291856765747e-01
2.578581273555755615e-01 2.579538524150848389e-01 2.464344054460525513e-01 1.881044358015060425e-01 1.330329328775405884e-01 9.091914445161819458e-02 1.239275857806205750e-01 1.595722287893295288e-01 1.844593435525894165e-01 2.087381929159164429e-01 2.181576639413833618e-01
4.920745640993118286e-02 6.255345791578292847e-02 9.408228099346160889e-02 1.574294567108154297e-01 1.815846711397171021e-01 1.683485954999923706e-01 1.300920695066452026e-01 1.103130429983139038e-01 1.257014274597167969e-01 1.423905789852142334e-01 1.352754980325698853e-01
9.419059753417968750e-02 1.038732230663299561e-01 1.400295346975326538e-01 1.701855510473251343e-01 1.978703737258911133e-01 1.935708075761795044e-01 1.617229282855987549e-01 1.182325929403305054e-01 1.156432777643203735e-01 1.508289426565170288e-01 1.714106053113937378e-01
1.685542762279510498e-01 1.487632989883422852e-01 8.979500830173492432e-02 5.976089835166931152e-02 1.183268129825592041e-01 1.643186360597610474e-01 1.517375707626342773e-01 1.194970905780792236e-01 1.002632528543472290e-01 1.002879440784454346e-01 1.095505580306053162e-01
1.495484560728073120e-01 1.737474948167800903e-01 1.949537396430969238e-01 1.814972758293151855e-01 1.453019082546234131e-01 1.051112115383148193e-01 8.505599200725555420e-02 6.807370483875274658e-02 5.081884562969207764e-02 3.705310821533203125e-02 2.588908374309539795e-02
1.577961891889572144e-01 1.413626521825790405e-01 7.385503500699996948e-02 5.548533797264099121e-02 9.650694578886032104e-02 1.118698343634605408e-01 8.409458398818969727e-02 7.460866868495941162e-02 9.974126517772674561e-02 1.003770083189010620e-01 8.351467549800872803e-02
2.053401023149490356e-01 1.903274655342102051e-01 1.921095103025436401e-01 2.117940485477447510e-01 2.296515703201293945e-01 2.306727766990661621e-01 2.316137105226516724e-01 1.892787665128707886e-01 1.354121714830398560e-01 8.658206462860107422e-02 5.531331896781921387e-02
2.367339283227920532e-01 2.501825392246246338e-01 2.608717978000640869e-01 1.915129274129867554e-01 1.033313423395156860e-01 1.208883896470069885e-01 1.849860996007919312e-01 2.122408598661422729e-01 1.704092770814895630e-01 1.167092174291610718e-01 8.572542667388916016e-02
2.638149559497833252e-01 2.791463732719421387e-01 2.562995254993438721e-01 2.005448937416076660e-01 1.488388031721115112e-01 1.312450617551803589e-01 1.099486052989959717e-01 1.227039024233818054e-01 1.598731428384780884e-01 1.693676412105560303e-01 1.854266971349716187e-01
2.604963481426239014e-01 2.652681469917297363e-01 2.594919800758361816e-01 1.986485868692398071e-01 1.087834089994430542e-01 7.059772312641143799e-02 7.746299356222152710e-02 1.057904809713363647e-01 1.229702830314636230e-01 1.408884376287460327e-01 1.513737589120864868e-01
1.157250478863716125e-01 1.597858220338821411e-01 2.080774754285812378e-01 2.058940380811691284e-01 1.618874669075012207e-01 9.770064055919647217e-02 7.461182773113250732e-02 9.825141727924346924e-02 1.197511553764343262e-01 1.308161616325378418e-01 1.339794099330902100e-01
0.000000000000000000e+00 3.522051870822906494e-02 1.274730712175369263e-01 2.299310266971588135e-01 2.502358555793762207e-01 2.146523743867874146e-01 1.465469151735305786e-01 1.291469037532806396e-01 1.479632705450057983e-01 1.647060662508010864e-01 1.606463044881820679e-01
1.003999114036560059e-01 1.393734216690063477e-01 2.288152575492858887e-01 3.203352689743041992e-01 3.823278248310089111e-01 4.037164151668548584e-01 3.814395070075988770e-01 3.239893317222595215e-01 2.619724869728088379e-01 2.069822996854782104e-01 1.871077716350555420e-01
7.249952107667922974e-02 1.165337711572647095e-01 1.700217574834823608e-01 2.247032374143600464e-01 2.400229424238204956e-01 2.482644617557525635e-01 2.495405077934265137e-01 2.247694581747055054e-01 1.477056592702865601e-01 7.862608134746551514e-02 4.763348400592803955e-02
1.163523048162460327e-01 1.128273680806159973e-01 1.226348727941513062e-01 1.022358387708663940e-01 7.314819097518920898e-02 7.979456335306167603e-02 9.706488996744155884e-02 7.626374065876007080e-02 5.490396171808242798e-02 4.918901622295379639e-02 4.318901896476745605e-02
1.429043710231781006e-01 1.583475172519683838e-01 1.879749000072479248e-01 2.065837979316711426e-01 2.144376635551452637e-01 1.895360797643661499e-01 1.451602131128311157e-01 1.093012839555740356e-01 1.120074316859245300e-01 1.226942762732505798e-01 1.104244589805603027e-01
9.660415351390838623e-02 1.168980449438095093e-01 1.150608733296394348e-01 8.483536541461944580e-02 1.069994792342185974e-01 2.198784202337265015e-01 3.269171118736267090e-01 3.455940485000610352e-01 2.797256112098693848e-01 1.552550643682479858e-01 5.413108319044113159e-02
8.737892657518386841e-02 4.917920008301734924e-02 6.533382833003997803e-02 1.246924996376037598e-01 2.246525436639785767e-01 3.578929603099822998e-01 4.729362428188323975e-01 5.040979981422424316e-01 4.072187542915344238e-01 2.469181418418884277e-01 1.661525517702102661e-01
1.170309931039810181e-01 1.201796680688858032e-01 1.784418076276779175e-01 2.759448587894439697e-01 3.927248716354370117e-01 5.002315640449523926e-01 5.518581271171569824e-01 4.972967207431793213e-01 3.680300712585449219e-01 1.984772831201553345e-01 8.057870715856552124e-02
8.797547221183776855e-02 8.707901835441589355e-02 1.074066758155822754e-01 1.781421899795532227e-01 2.526509761810302734e-01 2.329510897397994995e-01 1.687181591987609863e-01 1.887798011302947998e-01 2.710506319999694824e-01 2.660480737686157227e-01 2.211875766515731812e-01
1.260088533163070679e-01 1.283792704343795776e-01 1.650982201099395752e-01 1.978272497653961182e-01 1.711761951446533203e-01 1.235941648483276367e-01 1.412781327962875366e-01 2.293749004602432251e-01 3.208805620670318604e-01 3.646661639213562012e-01 3.939468860626220703e-01
4.330834373831748962e-02 6.125218793749809265e-02 1.375460177659988403e-01 2.675180435180664062e-01 3.235987126827239990e-01 3.104627132415771484e-01 3.221464753150939941e-01 4.265472590923309326e-01 5.092721581459045410e-01 5.020349621772766113e-01 4.589555561542510986e-01
2.250085026025772095e-01 2.384316325187683105e-01 3.160933554172515869e-01 4.269557595252990723e-01 5.033643841743469238e-01 5.419617891311645508e-01 5.526784062385559082e-01 5.550368428230285645e-01 5.240334272384643555e-01 4.349934458732604980e-01 3.556500673294067383e-01
2.219846099615097046e-02 1.697027534246444702e-01 3.841738402843475342e-01 4.576155245304107666e-01 3.503884077072143555e-01 1.482913494110107422e-01 1.541584581136703491e-01 3.141574561595916748e-01 3.611491322517395020e-01 3.171876370906829834e-01 2.827026247978210449e-01
4.297313392162322998e-01 4.993308782577514648e-01 5.784242749214172363e-01 6.062285304069519043e-01 5.205767750740051270e-01 3.857859373092651367e-01 2.799329161643981934e-01 2.230473905801773071e-01 1.844462305307388306e-01 1.443841457366943359e-01 1.283956915140151978e-01
3.460775315761566162e-01 4.832535386085510254e-01 6.565361618995666504e-01 7.250365018844604492e-01 6.451829075813293457e-01 4.207137227058410645e-01 2.529942989349365234e-01 2.613418102264404297e-01 2.338260710239410400e-01 1.120583266019821167e-01 1.244342885911464691e-03
1.747493445873260498e-01 2.106645107269287109e-01 3.301863968372344971e-01 5.528236627578735352e-01 6.919859051704406738e-01 7.248398065567016602e-01 6.965659260749816895e-01 6.527644991874694824e-01 5.598390102386474609e-01 4.323740005493164062e-01 3.664262592792510986e-01
4.078956544399261475e-01 4.220122694969177246e-01 4.832578897476196289e-01 3.924580514430999756e-01 1.719677001237869263e-01 1.695768982172012329e-01 4.019018411636352539e-01 4.575131535530090332e-01 3.994801938533782959e-01 4.536556303501129150e-01 5.531180500984191895e-01
2.756485044956207275e-01 4.237612485885620117e-01 6.055482029914855957e-01 6.651141047477722168e-01 6.231066584587097168e-01 5.718631148338317871e-01 5.114552378654479980e-01 4.143199920654296875e-01 3.329652547836303711e-01 3.263933062553405762e-01 3.548001050949096680e-01
1.831910908222198486e-01 2.722416520118713379e-01 4.344238638877868652e-01 5.859100222587585449e-01 5.463612675666809082e-01 3.833712339401245117e-01 2.407337874174118042e-01 3.035699725151062012e-01 4.264564216136932373e-01 4.537705183029174805e-01 4.553104341030120850e-01
2.102541327476501465e-01 1.947150528430938721e-01 2.451605796813964844e-01 4.004954099655151367e-01 4.792206883430480957e-01 4.267973005771636963e-01 3.495366871356964111e-01 2.488476634025573730e-01 2.102924138307571411e-01 2.448659539222717285e-01 2.709352076053619385e-01
2.515592575073242188e-01 2.728606462478637695e-01 3.270446658134460449e-01 4.157451391220092773e-01 4.529263973236083984e-01 4.479062557220458984e-01 3.814765214920043945e-01 2.901028394699096680e-01 2.396830618381500244e-01 2.591778337955474854e-01 3.143295049667358398e-01
3.037891387939453125e-01 3.396566808223724365e-01 3.946558535099029541e-01 3.438621759414672852e-01 1.949198991060256958e-01 1.011665612459182739e-01 2.403562813997268677e-01 3.854243755340576172e-01 4.515376687049865723e-01 4.563828110694885254e-01 4.448443651199340820e-01
2.769095301628112793e-01 2.648527324199676514e-01 2.726874649524688721e-01 2.955317497253417969e-01 3.143097162246704102e-01 3.225450515747070312e-01 2.678791880607604980e-01 1.465208530426025391e-01 1.816399544477462769e-01 4.225557148456573486e-01 5.475994348526000977e-01
1.607463210821151733e-01 1.431301981210708618e-01 6.879524886608123779e-02 5.444459617137908936e-02 1.243941634893417358e-01 2.023994475603103638e-01 2.529014945030212402e-01 3.114719390869140625e-01 4.009186923503875732e-01 5.391281247138977051e-01 6.037781834602355957e-01
7.891626656055450439e-02 9.189720451831817627e-02 1.024910956621170044e-01 7.121109962463378906e-02 6.398981809616088867e-02 1.056971848011016846e-01 1.054143160581588745e-01 8.396126329898834229e-02 2.149000912904739380e-01 3.230696022510528564e-01 3.341431319713592529e-01
2.091889977455139160e-01 1.717787683010101318e-01 1.316394954919815063e-01 1.687646359205245972e-01 2.269811779260635376e-01 2.605330049991607666e-01 2.868576049804687500e-01 3.118817806243896484e-01 2.986083328723907471e-01 2.439515441656112671e-01 1.834483891725540161e-01
4.591306746006011963e-01 4.151015877723693848e-01 3.350882530212402344e-01 3.638119101524353027e-01 4.000058472156524658e-01 3.053190410137176514e-01 1.445560008287429810e-01 1.769311577081680298e-01 2.551917135715484619e-01 2.035472840070724487e-01 1.404860019683837891e-01
5.402454733848571777e-01 5.674025416374206543e-01 5.513920783996582031e-01 5.352408885955810547e-01 5.128969550132751465e-01 4.860298335552215576e-01 4.486033320426940918e-01 4.321875572204589844e-01 4.037733674049377441e-01 3.501718640327453613e-01 3.171829879283905029e-01
4.946476817131042480e-01 4.334658980369567871e-01 2.449866384267807007e-01 1.303255409002304077e-01 1.759572327136993408e-01 2.531860470771789551e-01 3.615128099918365479e-01 4.651067554950714111e-01 4.491639137268066406e-01 3.384174704551696777e-01 2.241141647100448608e-01
4.257716834545135498e-01 4.266529679298400879e-01 3.592967092990875244e-01 2.570337355136871338e-01 1.743760854005813599e-01 1.692297309637069702e-01 2.662158906459808350e-01 3.858835101127624512e-01 4.385372400283813477e-01 4.012998640537261963e-01 3.408465683460235596e-01
4.905207157135009766e-01 4.440997242927551270e-01 3.460892438888549805e-01 1.984848231077194214e-01 1.122901886701583862e-01 1.496825069189071655e-01 2.031512260437011719e-01 2.493323534727096558e-01 2.643482983112335205e-01 2.618027925491333008e-01 2.300352454185485840e-01
2.792096138000488281e-01 2.730170488357543945e-01 2.095252722501754761e-01 1.365412473678588867e-01 9.000889956951141357e-02 9.114409983158111572e-02 9.427259862422943115e-02 8.202354609966278076e-02 1.656711250543594360e-01 2.684134244918823242e-01 2.872237265110015869e-01
2.905994951725006104e-01 2.749430537223815918e-01 2.197265177965164185e-01 1.486931294202804565e-01 1.088111251592636108e-01 1.721978932619094849e-01 2.765090465545654297e-01 3.945000767707824707e-01 4.805358946323394775e-01 5.093139410018920898e-01 5.147704482078552246e-01
4.888639152050018311e-01 4.192309379577636719e-01 2.217178791761398315e-01 7.211275398731231689e-02 1.214438825845718384e-01 1.557740420103073120e-01 2.647475302219390869e-01 5.043698549270629883e-01 6.925076246261596680e-01 7.017846703529357910e-01 6.101283431053161621e-01
6.465575695037841797e-01 5.944984555244445801e-01 5.480496287345886230e-01 4.628889858722686768e-01 4.114048182964324951e-01 4.054150581359863281e-01 5.294439196586608887e-01 7.325716614723205566e-01 8.777642846107482910e-01 9.276516437530517578e-01 9.427309632301330566e-01
6.446582674980163574e-01 5.383556485176086426e-01 3.074723780155181885e-01 3.681962490081787109e-01 6.043645739555358887e-01 6.609286069869995117e-01 5.120127797126770020e-01 3.234743475914001465e-01 3.487601280212402344e-01 4.259273409843444824e-01 3.680061399936676025e-01
7.211251258850097656e-01 6.895280480384826660e-01 6.088761091232299805e-01 5.909629464149475098e-01 6.396142244338989258e-01 6.264261007308959961e-01 5.487076044082641602e-01 4.857161045074462891e-01 4.965038895606994629e-01 4.755849540233612061e-01 4.565640091896057129e-01
1.001970693469047546e-01 2.258313149213790894e-01 4.473339617252349854e-01 6.274093985557556152e-01 5.257475972175598145e-01 2.748311161994934082e-01 1.799271553754806519e-01 4.360116720199584961e-01 5.481482148170471191e-01 5.748501420021057129e-01 5.866308212280273438e-01
5.205867886543273926e-01 6.360076069831848145e-01 8.615248799324035645e-01 1.023144483566284180e+00 9.725222587585449219e-01 7.937390804290771484e-01 5.296124219894409180e-01 2.026191949844360352e-01 2.231349796056747437e-02 2.087610810995101929e-01 3.054603338241577148e-01
9.285436272621154785e-01 1.000603914260864258e+00 1.067425131797790527e+00 9.625754952430725098e-01 8.884043097496032715e-01 8.711623549461364746e-01 7.720263600349426270e-01 5.894799828529357910e-01 4.274119436740875244e-01 3.386684060096740723e-01 2.971837520599365234e-01
9.347066283226013184e-01 8.965327143669128418e-01 6.740071773529052734e-01 3.436305522918701172e-01 3.470247387886047363e-01 5.486420989036560059e-01 4.027706086635589600e-01 2.581107318401336670e-01 3.467455506324768066e-01 3.397395312786102295e-01 2.709756791591644287e-01
5.330320000648498535e-01 6.792758107185363770e-01 9.587879180908203125e-01 1.120115637779235840e+00 1.079913854598999023e+00 9.020217657089233398e-01 7.199972271919250488e-01 5.713394284248352051e-01 5.204111337661743164e-01 4.630594253540039062e-01 4.157148599624633789e-01
2.018281817436218262e-01 3.962261676788330078e-01 8.083494305610656738e-01 1.110271692276000977e+00 1.098462820053100586e+00 7.831505537033081055e-01 4.255146086215972900e-01 3.689671754837036133e-01 4.520063102245330811e-01 4.095341265201568604e-01 3.254525363445281982e-01
7.189160585403442383e-01 7.845752239227294922e-01 8.387701511383056641e-01 7.928658127784729004e-01 7.499545216560363770e-01 6.971312165260314941e-01 5.797721743583679199e-01 4.658158421516418457e-01 4.015646576881408691e-01 2.351475208997726440e-01 1.256835162639617920e-01
6.813693642616271973e-01 6.387588381767272949e-01 4.078077673912048340e-01 1.447935104370117188e-01 2.465059906244277954e-01 5.144534707069396973e-01 5.586459040641784668e-01 4.868701696395874023e-01 3.703158795833587646e-01 2.254000008106231689e-01 9.605076164007186890e-02
3.471345603466033936e-01 3.328630030155181885e-01 3.603947460651397705e-01 4.626755118370056152e-01 5.251236557960510254e-01 4.536984264850616455e-01 2.866423726081848145e-01 9.730869531631469727e-02 1.903662234544754028e-01 3.076499104499816895e-01 3.141437768936157227e-01
2.064379900693893433e-01 2.050591409206390381e-01 1.830826699733734131e-01 2.828815877437591553e-01 4.439750313758850098e-01 4.960719943046569824e-01 4.447796642780303955e-01 3.521794378757476807e-01 2.580916285514831543e-01 1.577244400978088379e-01 1.059084981679916382e-01
2.307104468345642090e-01 2.642271220684051514e-01 2.454795092344284058e-01 2.714219689369201660e-01 2.875989079475402832e-01 2.848033010959625244e-01 2.689118683338165283e-01 2.190378755331039429e-01 1.346738487482070923e-01 7.070101797580718994e-02 3.292357921600341797e-02
2.289403825998306274e-01 2.204826027154922485e-01 1.290950477123260498e-01 3.997404873371124268e-02 7.494582980871200562e-02 9.240147471427917480e-02 5.167325586080551147e-02 8.466118574142456055e-02 1.107344329357147217e-01 1.146893873810768127e-01 1.073192432522773743e-01
3.011096417903900146e-01 2.838958203792572021e-01 2.668511867523193359e-01 2.352008223533630371e-01 2.177028805017471313e-01 2.241429239511489868e-01 2.356511801481246948e-01 2.027312368154525757e-01 1.462254822254180908e-01 6.814062595367431641e-02 1.479650568217039108e-02
2.322598248720169067e-01 1.987271010875701904e-01 1.350744962692260742e-01 8.599172532558441162e-02 1.659555137157440186e-01 2.344116419553756714e-01 2.469947338104248047e-01 2.501750886440277100e-01 2.221034616231918335e-01 1.891802102327346802e-01 1.759909540414810181e-01
1.324285119771957397e-01 1.416765302419662476e-01 1.512337028980255127e-01 1.599175781011581421e-01 1.640121191740036011e-01 1.402708142995834351e-01 7.281081378459930420e-02 4.626910388469696045e-02 1.340559124946594238e-01 1.710298210382461548e-01 1.449121832847595215e-01
5.279937386512756348e-02 6.820723414421081543e-02 7.734702527523040771e-02 6.124033778905868530e-02 3.483529388904571533e-02 6.595580279827117920e-02 1.353702247142791748e-01 1.846925616264343262e-01 1.978022456169128418e-01 1.912042349576950073e-01 2.003434002399444580e-01
2.186966985464096069e-01 2.027950435876846313e-01 1.684506684541702271e-01 1.543075293302536011e-01 1.739707738161087036e-01 2.093642204999923706e-01 2.656026482582092285e-01 2.941046655178070068e-01 2.454327940940856934e-01 1.172055602073669434e-01 1.886971294879913330e-02
2.707487046718597412e-01 3.035926818847656250e-01 3.280971348285675049e-01 2.679356932640075684e-01 1.497282832860946655e-01 9.119515120983123779e-02 1.890008002519607544e-01 2.895330190658569336e-01 2.691724300384521484e-01 2.105198651552200317e-01 1.788771301507949829e-01
2.177710086107254028e-01 2.765810489654541016e-01 3.342836201190948486e-01 3.446619510650634766e-01 3.103773593902587891e-01 2.726445794105529785e-01 2.521142661571502686e-01 2.212144881486892700e-01 1.814264059066772461e-01 1.463297158479690552e-01 1.150330826640129089e-01
1.338578015565872192e-01 1.453896313905715942e-01 1.198096424341201782e-01 1.583479940891265869e-01 2.166987359523773193e-01 2.080947607755661011e-01 1.269754320383071899e-01 3.863398730754852295e-02 4.990671575069427490e-02 5.839912593364715576e-02 4.007636010646820068e-02
2.435530424118041992e-01 2.221468985080718994e-01 1.855025440454483032e-01 1.600857824087142944e-01 9.714151918888092041e-02 2.638317644596099854e-02 6.974954903125762939e-02 1.531038433313369751e-01 1.680791527032852173e-01 1.608325541019439697e-01 1.575964838266372681e-01
4.031723141670227051e-01 4.224539399147033691e-01 4.087705314159393311e-01 3.400571346282958984e-01 2.744798958301544189e-01 2.401673942804336548e-01 2.335612028837203979e-01 2.290395051240921021e-01 2.124975174665451050e-01 1.718661636114120483e-01 1.363442391157150269e-01
2.967200875282287598e-01 3.259689807891845703e-01 3.480907678604125977e-01 3.088469207286834717e-01 2.156644314527511597e-01 1.160734742879867554e-01 6.790940463542938232e-02 1.086633503437042236e-01 1.714382767677307129e-01 2.025148421525955200e-01 2.221706509590148926e-01
0.000000000000000000e+00 4.631285369396209717e-02 1.201701909303665161e-01 1.515954434871673584e-01 1.491342335939407349e-01 1.125007122755050659e-01 3.225566446781158447e-02 1.535148825496435165e-02 9.555231034755706787e-02 1.740007698535919189e-01 1.893019825220108032e-01
1.837082356214523315e-01 1.812277287244796753e-01 1.768984645605087280e-01 1.253288388252258301e-01 5.205319821834564209e-02 8.040051162242889404e-02 1.582975834608078003e-01 1.987223625183105469e-01 2.091908007860183716e-01 2.068675011396408081e-01 1.885562539100646973e-01
2.270683795213699341e-01 2.199622690677642822e-01 1.734308302402496338e-01 1.509598642587661743e-01 1.593759804964065552e-01 1.949400454759597778e-01 2.295184582471847534e-01 2.296545207500457764e-01 1.681019067764282227e-01 1.076944768428802490e-01 7.862101495265960693e-02
1.081697642803192139e-01 1.044025868177413940e-01 9.538262337446212769e-02 6.649771332740783691e-02 8.864332735538482666e-02 1.812840849161148071e-01 2.395421415567398071e-01 2.234851270914077759e-01 1.605405360460281372e-01 8.589310944080352783e-02 4.620155692100524902e-02
8.155955374240875244e-02 8.731012046337127686e-02 9.151163697242736816e-02 1.027348786592483521e-01 1.314463466405868530e-01 1.703364253044128418e-01 2.003747969865798950e-01 1.810309886932373047e-01 1.294907182455062866e-01 8.862061053514480591e-02 6.435479968786239624e-02
1.712368428707122803e-02 5.462787300348281860e-02 7.444721460342407227e-02 6.549996137619018555e-02 7.296343147754669189e-02 1.270937770605087280e-01 1.582196801900863647e-01 1.364782750606536865e-01 8.075788617134094238e-02 4.377165436744689941e-02 3.669618442654609680e-02
6.112151592969894409e-02 8.255934715270996094e-02 1.350341439247131348e-01 1.976776570081710815e-01 2.175107598304748535e-01 1.897438913583755493e-01 1.331793963909149170e-01 8.047180622816085815e-02 8.631282299757003784e-02 1.133513301610946655e-01 1.249440386891365051e-01
1.205153763294219971e-01 1.462209522724151611e-01 1.789346933364868164e-01 1.897926479578018188e-01 1.735896021127700806e-01 1.520426124334335327e-01 1.385576725006103516e-01 1.151675581932067871e-01 1.055511832237243652e-01 1.314191669225692749e-01 1.326470375061035156e-01
1.127013191580772400e-01 1.125747561454772949e-01 9.604139626026153564e-02 7.423393428325653076e-02 5.117802321910858154e-02 4.842551425099372864e-02 7.154521346092224121e-02 1.179850250482559204e-01 1.367076486349105835e-01 1.260205656290054321e-01 1.031899228692054749e-01
6.124494969844818115e-02 5.587628483772277832e-02 4.731494933366775513e-02 3.657310828566551208e-02 2.813791856169700623e-02 4.882418364286422729e-02 9.316579997539520264e-02 1.346107274293899536e-01 1.565875262022018433e-01 1.649618297815322876e-01 1.779124736785888672e-01
5.722149275243282318e-03 1.161713805049657822e-02 3.317416831851005554e-02 6.555803120136260986e-02 9.604282677173614502e-02 1.384804844856262207e-01 1.677333116531372070e-01 1.558900922536849976e-01 1.021852940320968628e-01 3.024876117706298828e-02 0.000000000000000000e+00
3.005436807870864868e-02 4.816053062677383423e-02 6.933299452066421509e-02 6.195479258894920349e-02 5.551272630691528320e-02 1.165181025862693787e-01 1.863355338573455811e-01 2.008192688226699829e-01 1.670259237289428711e-01 1.233282983303070068e-01 8.869937807321548462e-02
2.396669536828994751e-01 2.214710265398025513e-01 1.728442311286926270e-01 1.246523559093475342e-01 9.936919808387756348e-02 7.398348301649093628e-02 8.136841654777526855e-02 1.074187904596328735e-01 1.322662830352783203e-01 1.515638083219528198e-01 1.651259213685989380e-01
3.217340707778930664e-01 3.139894604682922363e-01 2.959859371185302734e-01 2.385669797658920288e-01 1.739901751279830933e-01 1.522975414991378784e-01 1.525465399026870728e-01 1.245058402419090271e-01 1.277744621038436890e-01 1.619747579097747803e-01 1.849649846553802490e-01
1.575707644224166870e-01 2.323846369981765747e-01 3.257103562355041504e-01 3.515535593032836914e-01 3.465943932533264160e-01 3.411206603050231934e-01 3.356590569019317627e-01 3.195418417453765869e-01 2.735376358032226562e-01 1.916006952524185181e-01 1.422712057828903198e-01
1.971228271722793579e-01 2.353466451168060303e-01 2.443114519119262695e-01 1.683783680200576782e-01 9.509605914354324341e-02 1.436168253421783447e-01 2.540198266506195068e-01 2.691163122653961182e-01 1.876416057348251343e-01 8.731631189584732056e-02 3.112926334142684937e-02
1.306397318840026855e-01 1.447323262691497803e-01 1.342571079730987549e-01 1.090683341026306152e-01 1.291230171918869019e-01 1.849819719791412354e-01 2.120682448148727417e-01 1.805382221937179565e-01 1.337938904762268066e-01 8.276923000812530518e-02 6.207681819796562195e-02
3.242376446723937988e-02 5.624474212527275085e-02 9.088137000799179077e-02 1.182649508118629456e-01 1.663460880517959595e-01 2.358163297176361084e-01 2.615298330783843994e-01 2.205691486597061157e-01 1.241132542490959167e-01 7.125185430049896240e-02 4.974465817213058472e-02
1.086659282445907593e-01 8.971109986305236816e-02 4.354071244597434998e-02 7.770868390798568726e-02 1.987939476966857910e-01 2.873253226280212402e-01 3.109700083732604980e-01 2.690815329551696777e-01 2.027690857648849487e-01 1.457703411579132080e-01 1.248310878872871399e-01
1.359888762235641479e-01 1.363324820995330811e-01 1.326189339160919189e-01 1.298871636390686035e-01 1.569797545671463013e-01 1.823377162218093872e-01 1.922298669815063477e-01 1.707676500082015991e-01 1.109360903501510620e-01 7.510367780923843384e-02 6.087315082550048828e-02
7.999055087566375732e-02 7.585965842008590698e-02 6.558105349540710449e-02 5.780219659209251404e-02 6.524814665317535400e-02 6.619350612163543701e-02 1.075935810804367065e-01 1.246711537241935730e-01 8.330859243869781494e-02 4.494401067495346069e-02 4.685954377055168152e-02
2.392988801002502441e-01 2.220349758863449097e-01 1.669871062040328979e-01 1.331683993339538574e-01 1.430931538343429565e-01 1.615733653306961060e-01 1.769718080759048462e-01 1.583674252033233643e-01 1.149917989969253540e-01 5.335763841867446899e-02 1.893315091729164124e-02
2.368361055850982666e-01 2.509364783763885498e-01 2.432145327329635620e-01 2.290343791246414185e-01 1.787911504507064819e-01 9.737251698970794678e-02 5.241470783948898315e-02 1.001631170511245728e-01 1.591756045818328857e-01 1.375389397144317627e-01 9.334491938352584839e-02
1.948713958263397217e-01 1.846163272857666016e-01 1.400251686573028564e-01 8.984098583459854126e-02 8.935936540365219116e-02 1.335504502058029175e-01 1.422105133533477783e-01 1.640264987945556641e-01 1.873390674591064453e-01 2.125148922204971313e-01 2.157804071903228760e-01
2.898641228675842285e-01 2.727078199386596680e-01 2.438123077154159546e-01 2.111634761095046997e-01 1.824912577867507935e-01 1.454781442880630493e-01 9.152749180793762207e-02 8.200690150260925293e-02 1.440855711698532104e-01 1.694780439138412476e-01 1.551914513111114502e-01
2.635647058486938477e-01 2.417335510253906250e-01 1.747280508279800415e-01 1.087727993726730347e-01 1.461448669433593750e-01 2.250992208719253540e-01 2.576422393321990967e-01 2.565227448940277100e-01 2.007280439138412476e-01 1.585519462823867798e-01 1.324273049831390381e-01
1.951408833265304565e-01 1.670714765787124634e-01 9.858594834804534912e-02 6.811983883380889893e-02 8.366422355175018311e-02 1.494626700878143311e-01 2.016877830028533936e-01 2.085553854703903198e-01 1.716651767492294312e-01 1.180952861905097961e-01 8.799725770950317383e-02
1.561564356088638306e-01 1.511446386575698853e-01 1.248550936579704285e-01 1.072310805320739746e-01 1.260735988616943359e-01 1.408672779798507690e-01 1.137657761573791504e-01 7.063245773315429688e-02 6.551757454872131348e-02 8.757469058036804199e-02 9.798275679349899292e-02
1.507927030324935913e-01 1.578709036111831665e-01 1.619133055210113525e-01 1.543329060077667236e-01 1.297530829906463623e-01 9.519730508327484131e-02 7.637752592563629150e-02 5.167469754815101624e-02 4.556898400187492371e-02 5.393666028976440430e-02 5.964370816946029663e-02
1.613149791955947876e-01 1.277472525835037231e-01 7.504156231880187988e-02 8.052241057157516479e-02 8.847951143980026245e-02 6.282129138708114624e-02 3.341027349233627319e-02 5.400013178586959839e-02 6.628397852182388306e-02 4.573130980134010315e-02 1.968459784984588623e-02
1.495547145605087280e-01 1.478174179792404175e-01 1.408967375755310059e-01 1.445927172899246216e-01 1.680258512496948242e-01 1.845266819000244141e-01 1.689833551645278931e-01 1.164129823446273804e-01 7.793128490447998047e-02 7.160189002752304077e-02 5.273028463125228882e-02
5.903509259223937988e-02 8.540588617324829102e-02 1.320097744464874268e-01 1.731908768415451050e-01 2.041693478822708130e-01 2.379976511001586914e-01 2.571844458580017090e-01 2.519252002239227295e-01 2.276417165994644165e-01 1.949871927499771118e-01 1.758173853158950806e-01
6.457222998142242432e-02 9.802794456481933594e-02 1.217489466071128845e-01 1.015466451644897461e-01 8.649490773677825928e-02 1.376200318336486816e-01 1.767436414957046509e-01 1.461247652769088745e-01 1.248374953866004944e-01 1.441264301538467407e-01 1.645685136318206787e-01
5.079188942909240723e-02 6.889285147190093994e-02 8.456596732139587402e-02 1.188141852617263794e-01 1.450413316488265991e-01 1.539606600999832153e-01 1.226293891668319702e-01 9.050033986568450928e-02 9.121073782444000244e-02 1.060730814933776855e-01 1.124409884214401245e-01
4.704153910279273987e-02 4.800089448690414429e-02 2.463948726654052734e-02 2.248189598321914673e-02 5.193293094635009766e-02 9.425956010818481445e-02 1.029540076851844788e-01 9.158013015985488892e-02 8.750386536121368408e-02 8.424644172191619873e-02 7.935245335102081299e-02
6.106853485107421875e-02 6.652127206325531006e-02 7.685969769954681396e-02 8.762163668870925903e-02 8.208636194467544556e-02 5.953831970691680908e-02 3.890138119459152222e-02 2.543924748897552490e-02 2.835444733500480652e-02 4.596338421106338501e-02 4.654233157634735107e-02
5.502266064286231995e-02 5.920878797769546509e-02 7.524968683719635010e-02 8.969581127166748047e-02 8.554874360561370850e-02 7.194683700799942017e-02 5.672256276011466980e-02 4.318831861019134521e-02 6.408855319023132324e-02 8.708211779594421387e-02 9.837839007377624512e-02
3.612899780273437500e-02 5.150761455297470093e-02 5.256240069866180420e-02 3.055934235453605652e-02 3.694628551602363586e-02 6.075444445013999939e-02 7.639777660369873047e-02 7.735152542591094971e-02 8.275873214006423950e-02 8.481012284755706787e-02 9.335529804229736328e-02
5.315612629055976868e-02 6.443080306053161621e-02 7.369955629110336304e-02 6.813015788793563843e-02 5.847546458244323730e-02 6.753060966730117798e-02 7.207023352384567261e-02 6.991066038608551025e-02 7.004259526729583740e-02 8.008603751659393311e-02 8.484548330307006836e-02
1.222266405820846558e-01 1.305165290832519531e-01 1.292430609464645386e-01 1.098176762461662292e-01 8.683715015649795532e-02 7.445044070482254028e-02 1.022131219506263733e-01 1.271604746580123901e-01 1.222909390926361084e-01 1.013818457722663879e-01 8.745271712541580200e-02
9.777908027172088623e-02 9.462355077266693115e-02 7.771957665681838989e-02 7.549550384283065796e-02 1.193336918950080872e-01 1.548184752464294434e-01 1.498472243547439575e-01 9.360422194004058838e-02 5.449109897017478943e-02 3.611200302839279175e-02 3.275730088353157043e-02
1.212845742702484131e-01 1.110523194074630737e-01 8.732470124959945679e-02 8.915454894304275513e-02 1.097002476453781128e-01 1.117697954177856445e-01 1.001120433211326599e-01 7.685898989439010620e-02 6.273206323385238647e-02 6.346087902784347534e-02 6.588001549243927002e-02
2.223070710897445679e-01 1.990290880203247070e-01 1.380775123834609985e-01 7.905290275812149048e-02 4.033064097166061401e-02 4.020522534847259521e-02 6.019081920385360718e-02 5.939166620373725891e-02 6.412043422460556030e-02 6.080435588955879211e-02 5.660743266344070435e-02
2.203538417816162109e-01 2.003027647733688354e-01 1.614635139703750610e-01 1.224007755517959595e-01 8.326125890016555786e-02 4.530534893274307251e-02 2.047162503004074097e-02 1.468697842210531235e-02 2.735471352934837341e-02 4.013513773679733276e-02 4.682198166847229004e-02
9.617570042610168457e-02 9.450550377368927002e-02 6.745645403861999512e-02 4.300351440906524658e-02 3.845978528261184692e-02 3.628776967525482178e-02 3.013204038143157959e-02 2.993021160364151001e-02 3.198141604661941528e-02 3.959376364946365356e-02 4.041634500026702881e-02
6.920686364173889160e-02 6.071595847606658936e-02 5.513639003038406372e-02 4.258254170417785645e-02 4.168045148253440857e-02 3.726762533187866211e-02 3.239236399531364441e-02 2.484207600355148315e-02 1.829067990183830261e-02 1.447867322713136673e-02 1.379125565290451050e-02
8.458916842937469482e-02 7.904690504074096680e-02 5.390812456607818604e-02 2.893663197755813599e-02 2.272643148899078369e-02 2.490957826375961304e-02 2.963192015886306763e-02 2.062601596117019653e-02 2.794009074568748474e-02 3.608430549502372742e-02 3.428147733211517334e-02
8.558676391839981079e-02 7.985299080610275269e-02 7.118019461631774902e-02 6.085588037967681885e-02 5.002318322658538818e-02 5.383618921041488647e-02 4.931549727916717529e-02 4.009509086608886719e-02 4.636614769697189331e-02 5.639732629060745239e-02 6.104166060686111450e-02
9.783471375703811646e-02 9.954451024532318115e-02 9.392249584197998047e-02 7.925380021333694458e-02 6.359557807445526123e-02 4.226298630237579346e-02 2.751135081052780151e-02 2.164935320615768433e-02 2.685162052512168884e-02 4.118560254573822021e-02 5.034153908491134644e-02
8.409981429576873779e-02 8.207015693187713623e-02 7.159894704818725586e-02 3.481091931462287903e-02 1.877491921186447144e-02 2.654434740543365479e-02 2.443134784698486328e-02 1.930854842066764832e-02 3.090390935540199280e-02 4.358625784516334534e-02 4.574795439839363098e-02
4.624794796109199524e-02 5.599524080753326416e-02 6.140435487031936646e-02 6.515418738126754761e-02 5.773633718490600586e-02 5.412524938583374023e-02 5.419404059648513794e-02 5.586461722850799561e-02 5.735203623771667480e-02 4.847008734941482544e-02 4.838955029845237732e-02
1.654294133186340332e-02 2.076776325702667236e-02 2.805178984999656677e-02 3.127060085535049438e-02 3.791189938783645630e-02 4.244056344032287598e-02 3.506754338741302490e-02 2.313603460788726807e-02 2.792851626873016357e-02 4.854100942611694336e-02 6.443547457456588745e-02
3.456629440188407898e-02 4.134796559810638428e-02 4.093650728464126587e-02 3.610309958457946777e-02 3.140340372920036316e-02 2.878358587622642517e-02 1.562483888119459152e-02 1.026318129152059555e-02 3.252046927809715271e-02 6.166842579841613770e-02 6.558874994516372681e-02
7.409811764955520630e-02 7.123708724975585938e-02 6.257607042789459229e-02 5.801984667778015137e-02 4.350351542234420776e-02 2.776960656046867371e-02 2.725467458367347717e-02 3.090253099799156189e-02 4.892300069332122803e-02 7.003816962242126465e-02 7.576465606689453125e-02
3.448529168963432312e-02 5.594373121857643127e-02 7.101726531982421875e-02 8.857750147581100464e-02 9.358794987201690674e-02 9.416717290878295898e-02 9.024463593959808350e-02 8.932706713676452637e-02 1.071246862411499023e-01 1.310165673494338989e-01 1.441352665424346924e-01
3.955676220357418060e-03 1.233160402625799179e-02 4.283182322978973389e-02 7.810015231370925903e-02 9.862681478261947632e-02 9.391596168279647827e-02 5.648406594991683960e-02 4.324609786272048950e-02 9.085111320018768311e-02 1.332712322473526001e-01 1.441355198621749878e-01
6.599609553813934326e-02 7.846561074256896973e-02 7.537653297185897827e-02 6.567823141813278198e-02 6.777592748403549194e-02 6.984950602054595947e-02 8.688795566558837891e-02 9.005136787891387939e-02 8.690577745437622070e-02 6.887235492467880249e-02 5.032169818878173828e-02
1.151607781648635864e-01 9.687943756580352783e-02 5.955298244953155518e-02 8.822313509881496429e-03 0.000000000000000000e+00 1.800778508186340332e-02 4.343273490667343140e-02 6.790653616189956665e-02 8.292263746261596680e-02 7.916894555091857910e-02 7.871560007333755493e-02
7.655989378690719604e-02 8.176049590110778809e-02 8.208031207323074341e-02 7.870542258024215698e-02 5.203904956579208374e-02 3.043968975543975830e-02 2.167104557156562805e-02 3.695157542824745178e-02 6.767320632934570312e-02 9.438171982765197754e-02 1.067997142672538757e-01
6.118125095963478088e-02 5.022737756371498108e-02 5.982657894492149353e-02 1.069030687212944031e-01 1.461979597806930542e-01 1.347262114286422729e-01 1.131016314029693604e-01 1.086232513189315796e-01 1.114941239356994629e-01 8.847709000110626221e-02 5.988904833793640137e-02
1.401997059583663940e-01 1.649072319269180298e-01 2.177604585886001587e-01 2.626414895057678223e-01 2.856912612915039062e-01 2.762435972690582275e-01 2.546423375606536865e-01 2.123161405324935913e-01 1.506046503782272339e-01 8.734147995710372925e-02 5.394472554326057434e-02
2.655178904533386230e-01 2.665925323963165283e-01 2.405489236116409302e-01 2.062859684228897095e-01 2.024575918912887573e-01 2.078811079263687134e-01 1.747028380632400513e-01 1.256729662418365479e-01 8.935605734586715698e-02 7.699595391750335693e-02 7.040035724639892578e-02
2.347332388162612915e-01 2.180981487035751343e-01 1.817587167024612427e-01 1.532339006662368774e-01 1.709208786487579346e-01 1.761488765478134155e-01 1.406197696924209595e-01 8.661864697933197021e-02 7.024119049310684204e-02 7.416527718305587769e-02 6.110764294862747192e-02
1.419968307018280029e-01 1.518622934818267822e-01 1.723141521215438843e-01 1.764041036367416382e-01 1.681524813175201416e-01 1.690474003553390503e-01 1.606847792863845825e-01 1.507788449525833130e-01 1.276914626359939575e-01 9.753356128931045532e-02 7.678448408842086792e-02
3.896163776516914368e-02 4.408821836113929749e-02 4.779677465558052063e-02 4.442342743277549744e-02 3.480851277709007263e-02 3.372421115636825562e-02 7.084552198648452759e-02 6.583041697740554810e-02 3.864642232656478882e-02 7.148315012454986572e-02 9.563738107681274414e-02
4.638864099979400635e-02 3.847275301814079285e-02 3.942222148180007935e-02 4.324880987405776978e-02 6.072412431240081787e-02 8.069872856140136719e-02 9.918558597564697266e-02 1.117498353123664856e-01 1.328752934932708740e-01 1.366067677736282349e-01 1.272463947534561157e-01
6.114536896347999573e-02 5.380408838391304016e-02 5.637542903423309326e-02 7.113340497016906738e-02 8.308100700378417969e-02 6.076371669769287109e-02 4.242296516895294189e-02 7.674419134855270386e-02 1.068731099367141724e-01 1.271676868200302124e-01 1.423030644655227661e-01
1.240176409482955933e-01 1.209986358880996704e-01 1.121209263801574707e-01 9.547128528356552124e-02 8.218917250633239746e-02 6.515759974718093872e-02 5.626768618822097778e-02 5.638903379440307617e-02 5.004760250449180603e-02 4.725709557533264160e-02 4.478008672595024109e-02
5.129623413085937500e-02 5.612696707248687744e-02 4.906143248081207275e-02 3.403542190790176392e-02 2.556987106800079346e-02 2.959376201033592224e-02 3.482873737812042236e-02 3.182450309395790100e-02 2.079690620303153992e-02 1.429835800081491470e-02 7.459743879735469818e-03
7.419688999652862549e-02 6.079322472214698792e-02 3.899495676159858704e-02 1.903441175818443298e-02 8.431646041572093964e-03 6.616082973778247833e-03 1.871142908930778503e-02 2.539505809545516968e-02 2.084403485059738159e-02 1.893910393118858337e-02 1.735950261354446411e-02
1.408681422472000122e-01 1.161575466394424438e-01 4.972551763057708740e-02 4.281600937247276306e-02 7.286982983350753784e-02 7.879431545734405518e-02 8.601543307304382324e-02 7.814162969589233398e-02 6.230588257312774658e-02 3.182336315512657166e-02 7.408923469483852386e-03
1.377276033163070679e-01 1.536318212747573853e-01 1.743266582489013672e-01 1.890079528093338013e-01 1.870115548372268677e-01 1.638997346162796021e-01 1.363248825073242188e-01 1.014126241207122803e-01 8.208463340997695923e-02 6.979709118604660034e-02 6.500365585088729858e-02
1.106091290712356567e-01 1.444375813007354736e-01 1.806603670120239258e-01 1.915341615676879883e-01 1.706494539976119995e-01 1.323862820863723755e-01 9.242001175880432129e-02 5.209812894463539124e-02 3.356291353702545166e-02 5.012353137135505676e-02 6.030560657382011414e-02
1.469602435827255249e-01 1.557892709970474243e-01 1.417858153581619263e-01 1.034951657056808472e-01 4.801170900464057922e-02 2.932776510715484619e-02 3.605528920888900757e-02 4.792627692222595215e-02 4.869243502616882324e-02 3.467746824026107788e-02 2.395945414900779724e-02
7.214350998401641846e-02 9.112720191478729248e-02 1.078817397356033325e-01 8.707502484321594238e-02 3.383478522300720215e-02 2.148485742509365082e-03 6.237114779651165009e-03 2.345446869730949402e-02 2.784119918942451477e-02 2.799723297357559204e-02 1.976515352725982666e-02
6.442394852638244629e-02 7.307799905538558960e-02 8.709870278835296631e-02 8.416081219911575317e-02 6.499800831079483032e-02 5.848541110754013062e-02 6.058633327484130859e-02 6.625019013881683350e-02 6.786394119262695312e-02 5.485751852393150330e-02 4.863438010215759277e-02
1.731578260660171509e-02 2.857228368520736694e-02 4.902969300746917725e-02 4.567532986402511597e-02 3.078995645046234131e-02 2.209548652172088623e-02 4.427701234817504883e-02 8.679280430078506470e-02 1.058283597230911255e-01 1.089902296662330627e-01 1.062809824943542480e-01
2.499482780694961548e-02 2.842532098293304443e-02 2.389306575059890747e-02 2.488770335912704468e-02 4.524155706167221069e-02 6.997166574001312256e-02 8.577482402324676514e-02 1.096109822392463684e-01 1.284171938896179199e-01 1.222960799932479858e-01 1.064423769712448120e-01
4.833440482616424561e-02 5.199562758207321167e-02 5.566245317459106445e-02 5.597760528326034546e-02 4.638070985674858093e-02 3.085212409496307373e-02 2.965725958347320557e-02 6.209792196750640869e-02 7.463226467370986938e-02 5.801718682050704956e-02 4.456821829080581665e-02
3.498290479183197021e-02 4.171149060130119324e-02 4.906310513615608215e-02 5.088818818330764771e-02 5.434826388955116272e-02 6.716259568929672241e-02 7.312959432601928711e-02 7.295680791139602661e-02 6.755512952804565430e-02 6.733351200819015503e-02 7.007021456956863403e-02
0.000000000000000000e+00 3.365184180438518524e-03 1.262732874602079391e-02 1.384627353399991989e-02 1.624192669987678528e-02 1.976745948195457458e-02 2.400921657681465149e-02 4.205480962991714478e-02 7.623943686485290527e-02 1.060865074396133423e-01 1.205998212099075317e-01
1.790556311607360840e-02 1.533332560211420059e-02 1.324490178376436234e-02 1.063899043947458267e-02 6.515652872622013092e-03 1.396035682410001755e-02 1.898156106472015381e-02 3.749751299619674683e-02 7.374402880668640137e-02 1.159420162439346313e-01 1.282345056533813477e-01
6.882556527853012085e-02 6.197656318545341492e-02 4.473209381103515625e-02 3.074155002832412720e-02 2.440081909298896790e-02 1.343971583992242813e-02 1.249454636126756668e-02 4.829723387956619263e-02 1.017178595066070557e-01 1.383648067712783813e-01 1.511775404214859009e-01
9.642519056797027588e-02 8.686150610446929932e-02 6.227564811706542969e-02 4.783947020769119263e-02 4.997891560196876526e-02 6.081354990601539612e-02 7.691334933042526245e-02 1.038579046726226807e-01 1.340648829936981201e-01 1.517483443021774292e-01 1.537145525217056274e-01
1.032981872558593750e-01 9.370474517345428467e-02 7.401325553655624390e-02 5.827390402555465698e-02 3.975151479244232178e-02 6.110097840428352356e-02 8.887860924005508423e-02 9.226180613040924072e-02 7.016812264919281006e-02 6.031352281570434570e-02 5.321696028113365173e-02
5.728613585233688354e-02 5.861860513687133789e-02 6.502983719110488892e-02 6.771376729011535645e-02 6.467869132757186890e-02 6.179254502058029175e-02 4.987736791372299194e-02 2.890237048268318176e-02 1.744285225868225098e-02 1.084948703646659851e-02 8.766944520175457001e-03
1.471256371587514877e-02 1.931777596473693848e-02 4.469285905361175537e-02 7.273413985967636108e-02 7.588318735361099243e-02 6.493684649467468262e-02 4.892647638916969299e-02 3.295756876468658447e-02 3.356703743338584900e-02 3.716748207807540894e-02 3.394232690334320068e-02
1.560597401112318039e-02 2.638890221714973450e-02 4.183681681752204895e-02 5.551417917013168335e-02 5.226487666368484497e-02 3.730971738696098328e-02 4.155246913433074951e-02 5.474799498915672302e-02 6.240366399288177490e-02 5.489880591630935669e-02 5.350955948233604431e-02
4.057038575410842896e-02 4.051604494452476501e-02 4.928863048553466797e-02 5.031953752040863037e-02 3.991325944662094116e-02 2.661701664328575134e-02 3.698302805423736572e-02 5.056505277752876282e-02 7.322699576616287231e-02 8.076337724924087524e-02 8.133126795291900635e-02
3.674953430891036987e-02 3.861275687813758850e-02 3.357231616973876953e-02 2.081139013171195984e-02 8.912421762943267822e-03 3.583207726478576660e-04 1.197073049843311310e-02 3.365326300263404846e-02 4.878402128815650940e-02 4.732786118984222412e-02 4.908996820449829102e-02
3.884010761976242065e-02 3.716427460312843323e-02 3.198348730802536011e-02 1.922800578176975250e-02 1.872773654758930206e-02 1.558243297040462494e-02 2.113103494048118591e-02 3.271886706352233887e-02 5.035894364118576050e-02 6.356129050254821777e-02 6.744308769702911377e-02
7.486671209335327148e-02 7.399013638496398926e-02 7.210469245910644531e-02 6.410538405179977417e-02 6.289882957935333252e-02 6.441667675971984863e-02 6.785284727811813354e-02 8.505438268184661865e-02 1.068307012319564819e-01 1.202680021524429321e-01 1.285082697868347168e-01
6.294996291399002075e-02 6.888442486524581909e-02 6.904715299606323242e-02 7.795605808496475220e-02 7.334646582603454590e-02 5.863641202449798584e-02 4.300010204315185547e-02 4.211639240384101868e-02 5.538893118500709534e-02 7.805922627449035645e-02 8.693368732929229736e-02
4.753836989402770996e-02 4.614090919494628906e-02 2.743112295866012573e-02 2.299288287758827209e-02 2.137928083539009094e-02 2.259215898811817169e-02 2.079360932111740112e-02 1.386410463601350784e-02 1.247243862599134445e-02 2.067181095480918884e-02 2.125313133001327515e-02
6.137781217694282532e-02 4.878096282482147217e-02 3.241615742444992065e-02 2.334660664200782776e-02 2.671849727630615234e-02 3.415040299296379089e-02 3.596218302845954895e-02 3.434468060731887817e-02 3.463336080312728882e-02 3.698451817035675049e-02 3.470873087644577026e-02
2.685457840561866760e-02 3.419340029358863831e-02 4.180874302983283997e-02 3.943236917257308960e-02 3.243596479296684265e-02 2.599692717194557190e-02 2.228080295026302338e-02 2.253691107034683228e-02 3.406861051917076111e-02 4.832705110311508179e-02 5.517515912652015686e-02
8.067241869866847992e-03 1.432089041918516159e-02 1.619569770991802216e-02 1.730778254568576813e-02 1.462993770837783813e-02 1.302394643425941467e-02 2.659399062395095825e-02 5.109149590134620667e-02 6.267337501049041748e-02 7.087404280900955200e-02 7.658000290393829346e-02
3.814652562141418457e-03 3.369865939021110535e-03 6.738630123436450958e-03 1.501810736954212189e-02 2.047708630561828613e-02 2.944258227944374084e-02 4.356022924184799194e-02 5.580785870552062988e-02 5.046207457780838013e-02 1.979309692978858948e-02 0.000000000000000000e+00
1.941179856657981873e-02 2.117846533656120300e-02 1.934725791215896606e-02 1.462862733751535416e-02 1.932666264474391937e-02 2.291869372129440308e-02 2.357403188943862915e-02 2.947421744465827942e-02 4.430672153830528259e-02 6.039977073669433594e-02 6.916029006242752075e-02
9.061866253614425659e-02 8.068604767322540283e-02 5.551506951451301575e-02 3.579645603895187378e-02 2.901719138026237488e-02 2.306045219302177429e-02 1.745862141251564026e-02 2.732601761817932129e-02 4.600065946578979492e-02 6.254530698060989380e-02 6.507436186075210571e-02
1.279405951499938965e-01 1.117221415042877197e-01 7.196241617202758789e-02 3.914571925997734070e-02 2.730873227119445801e-02 3.230406716465950012e-02 3.587241098284721375e-02 2.729161456227302551e-02 1.653994992375373840e-02 2.178828790783882141e-02 3.346308320760726929e-02
7.677204906940460205e-02 7.323285192251205444e-02 7.219339907169342041e-02 5.900333449244499207e-02 4.100986197590827942e-02 3.974572569131851196e-02 4.194502532482147217e-02 3.413221240043640137e-02 2.901820465922355652e-02 2.478411979973316193e-02 2.340385690331459045e-02
8.352866023778915405e-02 7.374659180641174316e-02 5.326184630393981934e-02 5.165147036314010620e-02 5.891055613756179810e-02 6.027810275554656982e-02 4.423869028687477112e-02 2.780685946345329285e-02 2.251627482473850250e-02 3.720631077885627747e-02 5.491279810667037964e-02
4.714179411530494690e-02 5.559496581554412842e-02 7.364008575677871704e-02 9.032613784074783325e-02 1.034013256430625916e-01 1.041077822446823120e-01 9.089486300945281982e-02 7.213956117630004883e-02 5.941780656576156616e-02 5.079223215579986572e-02 4.791330918669700623e-02
8.629966527223587036e-02 9.207056462764739990e-02 9.519424289464950562e-02 9.593825042247772217e-02 9.147940576076507568e-02 8.566050231456756592e-02 7.052567601203918457e-02 5.636392161250114441e-02 4.035186022520065308e-02 2.594565600156784058e-02 2.958555147051811218e-02
2.942065149545669556e-02 3.691722080111503601e-02 4.505115374922752380e-02 3.638636320829391479e-02 1.504365168511867523e-02 0.000000000000000000e+00 7.536395918577909470e-03 3.032063320279121399e-02 3.684028610587120056e-02 2.930065989494323730e-02 2.333025075495243073e-02
2.620410919189453125e-02 4.132821783423423767e-02 3.386680036783218384e-02 2.136174216866493225e-02 1.987402886152267456e-02 2.722056582570075989e-02 2.760777622461318970e-02 1.705931872129440308e-02 1.403308380395174026e-02 2.200918644666671753e-02 2.482300624251365662e-02
8.691266179084777832e-02 7.607924938201904297e-02 6.325360387563705444e-02 5.358393862843513489e-02 4.626442492008209229e-02 4.481180757284164429e-02 4.355168342590332031e-02 3.215591982007026672e-02 2.137860283255577087e-02 1.153591182082891464e-02 8.910506032407283783e-03
4.703693836927413940e-02 5.088781937956809998e-02 5.038811638951301575e-02 3.356770426034927368e-02 2.146454155445098877e-02 3.053168952465057373e-02 4.703821241855621338e-02 5.123635381460189819e-02 4.766776785254478455e-02 4.637890309095382690e-02 4.227527230978012085e-02
3.651791065931320190e-02 4.274552315473556519e-02 4.496408626437187195e-02 3.543869033455848694e-02 2.131577208638191223e-02 2.093079872429370880e-02 3.599051013588905334e-02 5.069810152053833008e-02 6.039551272988319397e-02 6.366862356662750244e-02 5.600924789905548096e-02
3.634272143244743347e-02 2.468373253941535950e-02 2.299360372126102448e-02 4.104687832295894623e-03 2.731571905314922333e-03 1.206510141491889954e-02 2.637463994324207306e-02 3.973797708749771118e-02 3.819558024406433105e-02 3.028222173452377319e-02 3.092131018638610840e-02
5.372842401266098022e-02 4.980403929948806763e-02 4.394463822245597839e-02 3.276437520980834961e-02 2.834707871079444885e-02 2.039485238492488861e-02 2.071504481136798859e-02 3.832693025469779968e-02 5.933531001210212708e-02 6.139101088047027588e-02 4.666836932301521301e-02
5.556407570838928223e-02 5.598529055714607239e-02 4.379044473171234131e-02 2.996215596795082092e-02 1.647784002125263214e-02 3.002903610467910767e-02 7.153975218534469604e-02 9.888944029808044434e-02 8.904337882995605469e-02 5.068410187959671021e-02 1.749274879693984985e-02
4.101768881082534790e-02 4.518415033817291260e-02 4.678190872073173523e-02 5.066022276878356934e-02 6.333678215742111206e-02 8.281656354665756226e-02 1.074043661355972290e-01 1.270529925823211670e-01 1.342168152332305908e-01 1.237397640943527222e-01 1.114943176507949829e-01
2.878534793853759766e-02 2.937445044517517090e-02 3.586428239941596985e-02 3.859844431281089783e-02 3.372042998671531677e-02 2.368456870317459106e-02 4.700665175914764404e-02 8.554375916719436646e-02 1.175544708967208862e-01 1.240456178784370422e-01 1.281607747077941895e-01
1.770009100437164307e-02 2.631526440382003784e-02 3.233078122138977051e-02 3.480269387364387512e-02 4.051820561289787292e-02 3.535080701112747192e-02 2.144407480955123901e-02 2.185637317597866058e-02 5.515304952859878540e-02 9.327089786529541016e-02 1.058558374643325806e-01
0.000000000000000000e+00 1.827690750360488892e-03 1.833525113761425018e-02 3.069184720516204834e-02 3.895490616559982300e-02 4.361896216869354248e-02 4.375734180212020874e-02 4.654549807310104370e-02 6.169129908084869385e-02 7.745575159788131714e-02 8.059290051460266113e-02
3.997341915965080261e-02 4.734823107719421387e-02 4.106172174215316772e-02 3.098231554031372070e-02 2.608783543109893799e-02 1.438178494572639465e-02 2.252644300460815430e-02 3.186817839741706848e-02 3.355468064546585083e-02 2.556873671710491180e-02 2.147955447435379028e-02
2.761234343051910400e-02 3.404042869806289673e-02 3.032460808753967285e-02 1.688396185636520386e-02 1.956643536686897278e-02 2.288141846656799316e-02 2.492335066199302673e-02 1.506828051060438156e-02 1.113601028919219971e-02 3.624648787081241608e-03 0.000000000000000000e+00
2.885928377509117126e-02 2.737325802445411682e-02 1.891702786087989807e-02 1.669735275208950043e-02 2.476862072944641113e-02 3.980647400021553040e-02 4.414841532707214355e-02 4.510267451405525208e-02 5.233203247189521790e-02 5.429295822978019714e-02 4.937330633401870728e-02
4.391079396009445190e-02 4.604495689272880554e-02 3.707619011402130127e-02 4.619304090738296509e-02 5.833511427044868469e-02 6.230506300926208496e-02 6.713962554931640625e-02 6.810307502746582031e-02 7.272963970899581909e-02 8.021175861358642578e-02 8.523891866207122803e-02
4.618707299232482910e-02 5.093672871589660645e-02 6.067438423633575439e-02 6.728424131870269775e-02 6.107366830110549927e-02 4.730277881026268005e-02 2.591592818498611450e-02 3.458974137902259827e-02 4.508613049983978271e-02 4.229500144720077515e-02 3.666803240776062012e-02
4.104264453053474426e-02 4.896178469061851501e-02 4.814475774765014648e-02 3.427966311573982239e-02 2.791423350572586060e-02 4.204978793859481812e-02 4.346744716167449951e-02 4.581175744533538818e-02 4.705771058797836304e-02 5.466228723526000977e-02 5.636782944202423096e-02
4.780983552336692810e-02 4.834521934390068054e-02 4.620330035686492920e-02 3.985643759369850159e-02 3.583895042538642883e-02 2.802184224128723145e-02 1.515021175146102905e-02 7.619296666234731674e-03 8.292531594634056091e-03 9.468886069953441620e-03 7.010353263467550278e-03
3.663859143853187561e-02 3.048650920391082764e-02 2.263967692852020264e-02 1.906005293130874634e-02 2.383955568075180054e-02 2.539152465760707855e-02 2.600502222776412964e-02 2.230020053684711456e-02 1.054354850202798843e-02 1.595738530158996582e-02 1.410048175603151321e-02
2.838106453418731689e-02 2.669802680611610413e-02 1.591308042407035828e-02 9.275332093238830566e-03 1.182594243437051773e-02 1.228845212608575821e-02 1.865112781524658203e-02 2.655460685491561890e-02 4.110754653811454773e-02 5.768252909183502197e-02 6.263660639524459839e-02
1.810116879642009735e-02 1.466001104563474655e-02 1.440369896590709686e-02 1.314991712570190430e-02 9.857276454567909241e-03 2.398242242634296417e-02 4.378837719559669495e-02 5.741018801927566528e-02 7.132466882467269897e-02 8.037546277046203613e-02 9.002374112606048584e-02
1.150588598102331161e-02 1.010816264897584915e-02 9.545839391648769379e-03 1.130430120974779129e-02 2.914114296436309814e-02 4.058056324720382690e-02 4.790613427758216858e-02 5.226938426494598389e-02 7.306709885597229004e-02 8.140873908996582031e-02 8.272245526313781738e-02
1.566483825445175171e-02 1.923010125756263733e-02 2.458206936717033386e-02 3.346883133053779602e-02 3.152777627110481262e-02 2.593848109245300293e-02 2.448062971234321594e-02 3.736069425940513611e-02 6.191333755850791931e-02 7.635555416345596313e-02 8.554345369338989258e-02
3.869843110442161560e-02 4.246934503316879272e-02 4.806587472558021545e-02 4.135084897279739380e-02 3.267326578497886658e-02 2.474679797887802124e-02 2.876239642500877380e-02 2.574499323964118958e-02 3.321809694170951843e-02 4.836269095540046692e-02 5.273397639393806458e-02
1.696585118770599365e-02 1.721292361617088318e-02 2.468279376626014709e-02 2.951150760054588318e-02 3.047853335738182068e-02 2.395304664969444275e-02 2.109540998935699463e-02 1.684617996215820312e-02 2.877161651849746704e-02 3.296250849962234497e-02 3.509008884429931641e-02
9.347433224320411682e-03 7.281111553311347961e-03 9.853359311819076538e-03 1.103665120899677277e-02 1.458665821701288223e-02 1.434755604714155197e-02 1.299540139734745026e-02 2.215360105037689209e-02 2.804911509156227112e-02 4.274782165884971619e-02 4.379819333553314209e-02
1.141489390283823013e-02 1.334409415721893311e-02 9.403729811310768127e-03 5.015175789594650269e-03 1.128274481743574142e-02 1.415531057864427567e-02 1.079550944268703461e-02 1.099604833871126175e-02 2.474055439233779907e-02 4.736379534006118774e-02 5.817131698131561279e-02
0.000000000000000000e+00 4.098503850400447845e-03 1.377026457339525223e-02 2.307121455669403076e-02 2.962587773799896240e-02 2.650895528495311737e-02 1.342919841408729553e-02 1.773699186742305756e-02 2.901472896337509155e-02 4.271099716424942017e-02 4.931163787841796875e-02
2.373782172799110413e-02 2.724822983145713806e-02 3.360865637660026550e-02 3.774594515562057495e-02 4.130740836262702942e-02 3.885997831821441650e-02 3.623423725366592407e-02 2.878849208354949951e-02 2.678464166820049286e-02 2.454976364970207214e-02 2.039463445544242859e-02
3.591521456837654114e-02 2.990498021245002747e-02 2.830525860190391541e-02 3.243565186858177185e-02 3.393330052495002747e-02 2.988411858677864075e-02 1.767570152878761292e-02 1.138574536889791489e-02 9.443598799407482147e-03 9.774281643331050873e-03 8.621490560472011566e-03
4.887379705905914307e-02 4.885933175683021545e-02 4.468379169702529907e-02 4.698433727025985718e-02 4.562946036458015442e-02 4.365159571170806885e-02 3.644762560725212097e-02 3.523097559809684753e-02 3.723546490073204041e-02 3.326328098773956299e-02 2.746279165148735046e-02
5.480979382991790771e-02 5.821757391095161438e-02 6.839317828416824341e-02 7.395233958959579468e-02 7.002151757478713989e-02 5.636974051594734192e-02 4.705096781253814697e-02 4.216433316469192505e-02 4.786120727658271790e-02 5.444648489356040955e-02 4.959035664796829224e-02
4.437647387385368347e-02 4.585651680827140808e-02 4.795166477560997009e-02 5.120025947690010071e-02 4.981758445501327515e-02 3.916497156023979187e-02 2.771572396159172058e-02 3.487199917435646057e-02 3.464275225996971130e-02 3.552593663334846497e-02 3.636753931641578674e-02
1.845350489020347595e-02 2.300273999571800232e-02 2.575635723769664764e-02 1.823682151734828949e-02 1.696074381470680237e-02 2.359483018517494202e-02 2.870767936110496521e-02 2.475949749350547791e-02 2.118230238556861877e-02 1.748317852616310120e-02 1.565761864185333252e-02
2.770961448550224304e-02 3.383561968803405762e-02 4.253263771533966064e-02 4.212488979101181030e-02 3.703800216317176819e-02 2.888379618525505066e-02 1.782140880823135376e-02 1.268832106143236160e-02 1.715152524411678314e-02 2.140033990144729614e-02 1.929888874292373657e-02
1.226817630231380463e-02 3.140410035848617554e-02 4.155664891004562378e-02 3.939159214496612549e-02 2.686378173530101776e-02 1.440044678747653961e-02 1.840808242559432983e-02 2.602738142013549805e-02 2.979419380426406860e-02 3.297282382845878601e-02 3.369121626019477844e-02
2.157488837838172913e-02 3.053296729922294617e-02 4.492215067148208618e-02 5.253057926893234253e-02 5.533207207918167114e-02 5.294432491064071655e-02 4.852617904543876648e-02 4.483065754175186157e-02 4.819926619529724121e-02 4.352966323494911194e-02 4.044469818472862244e-02
4.594722390174865723e-02 4.588505625724792480e-02 5.189297348260879517e-02 5.166469514369964600e-02 4.725545272231101990e-02 3.640982136130332947e-02 2.642690017819404602e-02 2.751241996884346008e-02 3.733595833182334900e-02 4.283263534307479858e-02 4.587290063500404358e-02
3.034303337335586548e-02 4.371942579746246338e-02 4.978074505925178528e-02 3.756249323487281799e-02 2.131499536335468292e-02 1.150809600949287415e-02 1.221225038170814514e-02 2.289741486310958862e-02 2.218792960047721863e-02 1.931815594434738159e-02 2.010508254170417786e-02
3.722659498453140259e-02 4.170871153473854065e-02 4.629759490489959717e-02 5.221376195549964905e-02 4.408949241042137146e-02 2.314648777246475220e-02 2.204445004463195801e-02 2.463230863213539124e-02 1.513831969350576401e-02 1.684581860899925232e-02 1.229946967214345932e-02
7.315611094236373901e-02 7.377096265554428101e-02 6.925652921199798584e-02 4.156089201569557190e-02 9.866638109087944031e-03 2.795768529176712036e-02 4.323615878820419312e-02 3.314181789755821228e-02 2.301315590739250183e-02 1.331535913050174713e-02 1.223525870591402054e-02
8.867451548576354980e-02 8.749821782112121582e-02 8.740601688623428345e-02 7.779952138662338257e-02 7.579210400581359863e-02 8.688633888959884644e-02 9.058220684528350830e-02 8.026809990406036377e-02 6.115280091762542725e-02 2.894047647714614868e-02 1.394277997314929962e-02
3.136789798736572266e-02 2.105791494250297546e-02 1.429910864681005478e-02 3.313513845205307007e-02 4.567111656069755554e-02 5.088448524475097656e-02 6.313692033290863037e-02 7.913157343864440918e-02 8.419450372457504272e-02 7.939856499433517456e-02 7.002349197864532471e-02
2.152236551046371460e-02 3.325359523296356201e-02 4.524022340774536133e-02 5.223958194255828857e-02 5.676568299531936646e-02 5.510387197136878967e-02 5.732718482613563538e-02 7.066023349761962891e-02 8.335210382938385010e-02 9.043345600366592407e-02 1.050093173980712891e-01
1.761868409812450409e-02 1.908012665808200836e-02 3.038762882351875305e-02 3.752788156270980835e-02 4.805886000394821167e-02 5.955904722213745117e-02 6.130547076463699341e-02 4.106022790074348450e-02 1.403628103435039520e-02 2.101556211709976196e-02 3.345062211155891418e-02
2.004925534129142761e-02 2.353413775563240051e-02 1.695413142442703247e-02 1.198871154338121414e-02 2.025256678462028503e-02 4.036341607570648193e-02 6.065470725297927856e-02 6.513562798500061035e-02 5.548973381519317627e-02 3.660193085670471191e-02 3.261017799377441406e-02
3.915901854634284973e-02 3.323551639914512634e-02 2.588704600930213928e-02 2.453868091106414795e-02 3.311778232455253601e-02 5.012228339910507202e-02 6.814333796501159668e-02 7.179090380668640137e-02 5.050885677337646484e-02 2.572476491332054138e-02 5.669435486197471619e-03
2.859027311205863953e-02 2.916866168379783630e-02 2.444764226675033569e-02 2.412599697709083557e-02 3.051931411027908325e-02 4.391744360327720642e-02 6.205640733242034912e-02 6.386053562164306641e-02 5.225950852036476135e-02 3.507843986153602600e-02 2.793232724070549011e-02
2.242683246731758118e-02 2.142618782818317413e-02 1.555018033832311630e-02 1.429470535367727280e-02 2.007829025387763977e-02 3.831535577774047852e-02 4.718462750315666199e-02 5.011123046278953552e-02 5.475439131259918213e-02 7.064480334520339966e-02 7.903879135847091675e-02
3.701620921492576599e-02 3.235369175672531128e-02 3.278785571455955505e-02 3.439397737383842468e-02 3.719895705580711365e-02 4.144121333956718445e-02 4.495302587747573853e-02 4.285589605569839478e-02 4.638963937759399414e-02 6.118655949831008911e-02 7.003682106733322144e-02
2.433121204376220703e-02 3.591272979974746704e-02 3.839435800909996033e-02 3.267331793904304504e-02 3.046738728880882263e-02 3.125682473182678223e-02 3.692657500505447388e-02 4.632507264614105225e-02 4.704392328858375549e-02 4.579673334956169128e-02 4.452192783355712891e-02
1.959322765469551086e-02 2.022868022322654724e-02 1.588933728635311127e-02 1.278988085687160492e-02 1.123702339828014374e-02 7.866019383072853088e-03 8.791405707597732544e-03 1.797581091523170471e-02 1.582146063446998596e-02 1.401843409985303879e-02 1.094018388539552689e-02
1.997906342148780823e-02 2.397741936147212982e-02 2.476183325052261353e-02 1.463556010276079178e-02 9.936966933310031891e-03 1.625698804855346680e-02 1.932327821850776672e-02 1.700840890407562256e-02 1.140090171247720718e-02 7.174734026193618774e-03 1.286809239536523819e-02
5.549784749746322632e-02 4.988622665405273438e-02 4.246702417731285095e-02 3.869098424911499023e-02 3.281584009528160095e-02 3.127006068825721741e-02 2.917211502790451050e-02 2.586293593049049377e-02 2.470093965530395508e-02 3.083669021725654602e-02 3.370673581957817078e-02
