1.034659042358398438e+02 1.034910278320312500e+02 1.036202697753906250e+02 1.037915878295898438e+02 1.039782104492187500e+02 1.041304626464843750e+02 1.042020339965820312e+02 1.041919708251953125e+02 1.041163711547851562e+02 1.040463485717773438e+02 1.040135116577148438e+02
4.388426208496093750e+01 4.401988983154296875e+01 4.416476058959960938e+01 4.417295837402343750e+01 4.421738052368164062e+01 4.443939590454101562e+01 4.459578323364257812e+01 4.444364166259765625e+01 4.424059295654296875e+01 4.426403045654296875e+01 4.434484100341796875e+01
2.543620765209197998e-01 2.466559708118438721e-01 2.210575491189956665e-01 2.103063464164733887e-01 2.353525608777999878e-01 2.453002482652664185e-01 2.608188688755035400e-01 2.973209321498870850e-01 3.237440586090087891e-01 3.186051547527313232e-01 3.073219060897827148e-01
5.065099895000457764e-02 1.670169979333877563e-01 2.216887027025222778e-01 1.783683896064758301e-01 1.385001987218856812e-01 1.136592924594879150e-01 8.777337521314620972e-02 2.026506215333938599e-01 2.877249717712402344e-01 2.684273719787597656e-01 2.280371487140655518e-01
4.783273935317993164e-01 4.655448198318481445e-01 4.236528277397155762e-01 3.435725867748260498e-01 3.175240755081176758e-01 3.609352409839630127e-01 3.962064683437347412e-01 3.629334867000579834e-01 2.967761158943176270e-01 2.121031880378723145e-01 1.807035207748413086e-01
1.388331651687622070e-01 3.236083388328552246e-01 5.237852334976196289e-01 6.336001753807067871e-01 6.338165998458862305e-01 5.672860741615295410e-01 4.256579279899597168e-01 2.227308601140975952e-01 1.786341145634651184e-02 2.053821384906768799e-01 2.735572159290313721e-01
3.226712942123413086e-01 3.456076979637145996e-01 3.685748577117919922e-01 3.399947285652160645e-01 2.746103405952453613e-01 2.266390621662139893e-01 2.874651551246643066e-01 3.462036252021789551e-01 3.513798415660858154e-01 3.360143005847930908e-01 3.290746808052062988e-01
2.185861170291900635e-01 1.433540731668472290e-01 3.485776484012603760e-03 1.328878849744796753e-01 1.785976141691207886e-01 1.998451948165893555e-01 2.344805896282196045e-01 2.542946338653564453e-01 2.053702920675277710e-01 1.201556175947189331e-01 6.974631547927856445e-02
2.854568064212799072e-01 2.716091573238372803e-01 2.355749011039733887e-01 1.827187985181808472e-01 1.381818205118179321e-01 1.455847024917602539e-01 2.025250494480133057e-01 2.310300171375274658e-01 1.950138062238693237e-01 1.267943233251571655e-01 7.831340283155441284e-02
2.183263897895812988e-01 2.020419090986251831e-01 1.500629186630249023e-01 1.226234734058380127e-01 9.981925785541534424e-02 1.129319965839385986e-01 1.751837879419326782e-01 2.128962874412536621e-01 2.131611257791519165e-01 1.798361390829086304e-01 1.600952744483947754e-01
8.221616595983505249e-02 6.808609515428543091e-02 5.092909559607505798e-02 3.267772868275642395e-02 6.041750311851501465e-02 1.020184084773063660e-01 1.433769315481185913e-01 1.577595919370651245e-01 1.162350252270698547e-01 5.337184295058250427e-02 1.397369615733623505e-02
3.403243422508239746e-02 6.329108774662017822e-02 8.626136183738708496e-02 8.256038278341293335e-02 6.132201850414276123e-02 7.960344851016998291e-02 1.226097941398620605e-01 1.399807333946228027e-01 1.269932687282562256e-01 8.918061852455139160e-02 6.199980154633522034e-02
8.128017187118530273e-03 9.612896293401718140e-02 1.752197295427322388e-01 2.209705561399459839e-01 2.069032341241836548e-01 1.515216529369354248e-01 8.086059987545013428e-02 7.880691438913345337e-02 1.063781157135963440e-01 8.340195566415786743e-02 3.826409950852394104e-02
2.113116681575775146e-01 2.152928411960601807e-01 2.338303923606872559e-01 2.488030344247817993e-01 2.686357200145721436e-01 2.570879459381103516e-01 2.208967804908752441e-01 2.183131873607635498e-01 2.309714704751968384e-01 2.347322702407836914e-01 2.323343008756637573e-01
1.936653256416320801e-01 1.442359536886215210e-01 2.242684178054332733e-02 1.147897392511367798e-01 1.727904230356216431e-01 1.651776731014251709e-01 1.600532233715057373e-01 1.945531964302062988e-01 2.445801049470901489e-01 2.773386538028717041e-01 2.869027853012084961e-01
2.548494040966033936e-01 2.395837157964706421e-01 2.037827074527740479e-01 1.242052540183067322e-01 6.308881938457489014e-02 6.489733606576919556e-02 6.920646131038665771e-02 1.121426969766616821e-01 1.529425233602523804e-01 1.085092797875404358e-01 7.817443460226058960e-03
6.323900073766708374e-02 1.559226512908935547e-01 2.257428914308547974e-01 2.446392774581909180e-01 2.086521983146667480e-01 2.036024034023284912e-01 2.413521260023117065e-01 2.447108775377273560e-01 2.006049007177352905e-01 1.444512307643890381e-01 1.125743985176086426e-01
1.216995194554328918e-01 1.591784209012985229e-01 2.335836142301559448e-01 2.757326066493988037e-01 2.779694795608520508e-01 2.413633912801742554e-01 2.146482914686203003e-01 2.055250108242034912e-01 1.749959886074066162e-01 1.291884481906890869e-01 9.119040518999099731e-02
1.603302061557769775e-01 2.078382819890975952e-01 2.262002229690551758e-01 1.736032664775848389e-01 8.881895244121551514e-02 6.073410063982009888e-02 4.354073107242584229e-02 1.177638024091720581e-01 1.668577790260314941e-01 1.184111461043357849e-01 1.818038895726203918e-02
3.593034148216247559e-01 3.210652768611907959e-01 2.444349676370620728e-01 1.577071547508239746e-01 1.058408170938491821e-01 1.249672025442123413e-01 1.860812753438949585e-01 2.560445070266723633e-01 2.907100915908813477e-01 3.123639822006225586e-01 3.181537687778472900e-01
3.394060730934143066e-01 2.746325433254241943e-01 1.281815916299819946e-01 1.173397433012723923e-02 8.892396092414855957e-02 1.104014813899993896e-01 1.641000062227249146e-01 2.292149513959884644e-01 2.566705942153930664e-01 2.091680318117141724e-01 1.674864292144775391e-01
3.050313293933868408e-01 3.101263940334320068e-01 2.810363173484802246e-01 2.150070816278457642e-01 1.397366970777511597e-01 1.072191894054412842e-01 1.258855909109115601e-01 1.399123221635818481e-01 1.427636742591857910e-01 1.342192292213439941e-01 1.281517744064331055e-01
1.303805708885192871e-01 2.467397600412368774e-01 3.805681467056274414e-01 4.128118753433227539e-01 3.416317105293273926e-01 2.120959460735321045e-01 7.389101386070251465e-02 5.318760126829147339e-02 9.550382941961288452e-02 9.898989647626876831e-02 8.701501786708831787e-02
2.048370093107223511e-01 2.847497761249542236e-01 3.930697441101074219e-01 4.225950241088867188e-01 3.791784048080444336e-01 2.931653857231140137e-01 2.190670818090438843e-01 1.465691179037094116e-01 7.456772774457931519e-02 3.172633796930313110e-02 3.643058240413665771e-02
2.558157444000244141e-01 2.954246997833251953e-01 3.217373490333557129e-01 2.751362323760986328e-01 1.351543664932250977e-01 4.417337849736213684e-02 1.247033774852752686e-01 1.679586470127105713e-01 1.757465004920959473e-01 1.745638251304626465e-01 1.700870096683502197e-01
1.466059982776641846e-01 1.906553208827972412e-01 2.441841214895248413e-01 2.387888580560684204e-01 2.044410109519958496e-01 1.452139168977737427e-01 8.772253990173339844e-02 1.274085510522127151e-02 8.409902453422546387e-02 1.758484393358230591e-01 2.110532671213150024e-01
7.644752413034439087e-02 1.042836606502532959e-01 1.407217234373092651e-01 1.441735327243804932e-01 8.928985148668289185e-02 6.559116393327713013e-02 1.181316077709197998e-01 1.527018100023269653e-01 1.585339009761810303e-01 1.294456422328948975e-01 1.138464510440826416e-01
1.031427532434463501e-01 1.422539800405502319e-01 1.890737563371658325e-01 1.965522617101669312e-01 1.660964190959930420e-01 1.482559740543365479e-01 1.325820237398147583e-01 1.291542649269104004e-01 1.414955109357833862e-01 1.321541070938110352e-01 1.079718992114067078e-01
1.468384414911270142e-01 1.346581280231475830e-01 1.312543898820877075e-01 1.583132594823837280e-01 1.926135420799255371e-01 1.700845658779144287e-01 1.222671419382095337e-01 9.045657515525817871e-02 1.612167209386825562e-01 2.205667793750762939e-01 2.500700652599334717e-01
3.003768622875213623e-02 4.315177351236343384e-02 5.238363519310951233e-02 8.742904663085937500e-02 1.466393023729324341e-01 1.774380803108215332e-01 1.437502205371856689e-01 1.133656501770019531e-01 1.291912794113159180e-01 1.940427422523498535e-01 2.159211784601211548e-01
1.052750274538993835e-01 1.193156316876411438e-01 1.418736875057220459e-01 1.656105816364288330e-01 1.433657407760620117e-01 1.015133261680603027e-01 7.546077668666839600e-02 7.192739844322204590e-02 9.951058775186538696e-02 1.486946940422058105e-01 1.766821891069412231e-01
1.816459298133850098e-01 1.424364745616912842e-01 6.586576253175735474e-02 7.226412743330001831e-02 1.213141009211540222e-01 1.056963801383972168e-01 8.676584810018539429e-02 1.062546670436859131e-01 1.154578477144241333e-01 1.192286238074302673e-01 1.149356961250305176e-01
1.918903291225433350e-01 1.918745189905166626e-01 1.939537972211837769e-01 2.016091644763946533e-01 2.333139032125473022e-01 2.490379810333251953e-01 2.247738689184188843e-01 1.637955009937286377e-01 9.116365015506744385e-02 9.638132154941558838e-02 1.092650219798088074e-01
5.667787045240402222e-02 1.603656560182571411e-01 2.271017432212829590e-01 1.949910819530487061e-01 1.072503849864006042e-01 1.328220069408416748e-01 1.981441676616668701e-01 2.212726771831512451e-01 2.229004800319671631e-01 2.041762769222259521e-01 2.054537385702133179e-01
4.327382743358612061e-01 3.977140188217163086e-01 3.127323091030120850e-01 2.049452662467956543e-01 1.225532591342926025e-01 1.110197305679321289e-01 1.195117086172103882e-01 9.867455810308456421e-02 2.841597236692905426e-02 8.871748298406600952e-02 1.221880912780761719e-01
4.362300038337707520e-01 4.066159725189208984e-01 3.134760856628417969e-01 1.892129927873611450e-01 6.880428642034530640e-02 6.582338362932205200e-02 1.006305068731307983e-01 1.229897215962409973e-01 1.388449370861053467e-01 1.546980440616607666e-01 1.579980999231338501e-01
1.153026297688484192e-01 1.527864634990692139e-01 1.993473172187805176e-01 1.798633038997650146e-01 1.144905611872673035e-01 3.941206634044647217e-02 5.298388749361038208e-02 7.505811750888824463e-02 8.971956372261047363e-02 1.163599565625190735e-01 1.402594447135925293e-01
6.825110316276550293e-02 1.130335479974746704e-01 1.905492693185806274e-01 2.642099559307098389e-01 2.642309367656707764e-01 2.074242383241653442e-01 1.560685038566589355e-01 1.121222153306007385e-01 1.043254211544990540e-01 7.199571281671524048e-02 1.869481429457664490e-02
2.243185341358184814e-01 2.472095787525177002e-01 3.170897960662841797e-01 3.829007446765899658e-01 4.310921728610992432e-01 4.406270980834960938e-01 4.020192921161651611e-01 3.489282429218292236e-01 2.857117950916290283e-01 2.412017285823822021e-01 2.142421305179595947e-01
2.643450163304805756e-02 5.215209349989891052e-02 1.294403523206710815e-01 1.992607712745666504e-01 2.337859123945236206e-01 2.500761747360229492e-01 2.547464668750762939e-01 2.006643563508987427e-01 1.456402391195297241e-01 1.647351831197738647e-01 1.931683123111724854e-01
1.361183822154998779e-01 1.562001705169677734e-01 1.544810831546783447e-01 9.972249716520309448e-02 6.505651772022247314e-02 8.849827200174331665e-02 9.176324307918548584e-02 8.392214775085449219e-02 9.737383574247360229e-02 1.171185895800590515e-01 1.317626982927322388e-01
2.453825771808624268e-01 2.422375977039337158e-01 2.308275848627090454e-01 2.261338829994201660e-01 2.123924493789672852e-01 1.779867261648178101e-01 1.277343183755874634e-01 1.095644608139991760e-01 1.563789695501327515e-01 1.820650845766067505e-01 1.771792620420455933e-01
1.097333431243896484e-01 8.368125557899475098e-02 5.895013734698295593e-02 4.251857101917266846e-02 1.372974663972854614e-01 2.692830264568328857e-01 3.490594625473022461e-01 3.650250136852264404e-01 2.862149775028228760e-01 1.627896130084991455e-01 9.588007628917694092e-02
1.206227466464042664e-01 1.209099590778350830e-01 1.238798350095748901e-01 1.440576910972595215e-01 2.600803971290588379e-01 4.153132140636444092e-01 5.329136252403259277e-01 5.110543966293334961e-01 3.899180591106414795e-01 1.937504410743713379e-01 2.052018046379089355e-02
8.754345029592514038e-02 1.179441735148429871e-01 1.980760991573333740e-01 3.134627938270568848e-01 4.434812366962432861e-01 5.329132080078125000e-01 5.615558624267578125e-01 5.183421373367309570e-01 3.841426372528076172e-01 2.427563220262527466e-01 1.519507467746734619e-01
1.952908560633659363e-02 6.118907779455184937e-02 1.427433639764785767e-01 2.520825564861297607e-01 2.873331010341644287e-01 2.368002980947494507e-01 1.407928764820098877e-01 1.999348998069763184e-01 2.800363302230834961e-01 2.740446627140045166e-01 2.511689066886901855e-01
6.796440482139587402e-02 8.049239218235015869e-02 1.320171207189559937e-01 1.695232540369033813e-01 1.557792127132415771e-01 1.229860037565231323e-01 1.481140702962875366e-01 2.223086953163146973e-01 2.561289668083190918e-01 1.984933465719223022e-01 9.118651598691940308e-02
1.164248958230018616e-01 1.426230520009994507e-01 1.954952031373977661e-01 2.862877547740936279e-01 3.201827108860015869e-01 3.149542808532714844e-01 3.697693049907684326e-01 4.902136623859405518e-01 5.396386384963989258e-01 5.309657454490661621e-01 4.915528893470764160e-01
1.222892925143241882e-01 1.996733844280242920e-01 3.475776314735412598e-01 4.484995305538177490e-01 5.209913253784179688e-01 5.590364933013916016e-01 5.902823805809020996e-01 6.013762354850769043e-01 5.587945580482482910e-01 4.285188913345336914e-01 3.684273362159729004e-01
6.289841979742050171e-02 1.670218110084533691e-01 3.624822795391082764e-01 4.399397075176239014e-01 3.076802194118499756e-01 3.976259380578994751e-02 2.378217279911041260e-01 3.369627892971038818e-01 2.812032699584960938e-01 1.683690547943115234e-01 1.333883702754974365e-01
5.921961665153503418e-01 6.444227695465087891e-01 7.029310464859008789e-01 6.612399816513061523e-01 5.171464681625366211e-01 3.613786995410919189e-01 2.439260780811309814e-01 2.085679918527603149e-01 1.719721406698226929e-01 9.041266888380050659e-02 3.786269575357437134e-02
4.038774967193603516e-01 5.237071514129638672e-01 7.049247622489929199e-01 7.703040838241577148e-01 6.546766757965087891e-01 3.854557573795318604e-01 2.512012720108032227e-01 2.710825204849243164e-01 2.222717106342315674e-01 1.210271120071411133e-01 7.369337230920791626e-02
8.997118100523948669e-03 1.712754964828491211e-01 4.203555285930633545e-01 6.426482796669006348e-01 7.425832152366638184e-01 7.501038908958435059e-01 6.894537806510925293e-01 6.077310442924499512e-01 4.767792522907257080e-01 3.203775584697723389e-01 2.401305884122848511e-01
4.391907453536987305e-01 4.890651702880859375e-01 5.313653349876403809e-01 4.108093380928039551e-01 1.467961072921752930e-01 2.656977176666259766e-01 4.559896886348724365e-01 4.408060610294342041e-01 4.303924441337585449e-01 5.132518410682678223e-01 5.496904850006103516e-01
4.562369082123041153e-03 3.308940827846527100e-01 5.475250482559204102e-01 6.207253336906433105e-01 6.108785271644592285e-01 5.557426214218139648e-01 4.612922966480255127e-01 3.561664819717407227e-01 3.386641442775726318e-01 4.831153452396392822e-01 5.725573897361755371e-01
3.003010153770446777e-01 3.695304095745086670e-01 5.065276026725769043e-01 6.018395423889160156e-01 5.496327280998229980e-01 3.689303100109100342e-01 2.342670708894729614e-01 3.346055746078491211e-01 4.464817643165588379e-01 4.842151403427124023e-01 4.860915243625640869e-01
2.026489377021789551e-02 8.360356837511062622e-02 2.763488590717315674e-01 4.569018185138702393e-01 5.051597952842712402e-01 4.115433990955352783e-01 3.022533059120178223e-01 2.098402976989746094e-01 1.327547729015350342e-01 8.867907524108886719e-02 9.881276637315750122e-02
1.372943967580795288e-01 1.998202055692672729e-01 3.342468440532684326e-01 4.384327828884124756e-01 4.598941504955291748e-01 4.411977231502532959e-01 3.811900317668914795e-01 2.778212428092956543e-01 1.600760370492935181e-01 1.226056069135665894e-01 1.270738691091537476e-01
2.938954532146453857e-01 3.402287364006042480e-01 4.151084125041961670e-01 3.343593180179595947e-01 1.390822380781173706e-01 9.271243959665298462e-02 2.905301451683044434e-01 4.092689454555511475e-01 4.934905767440795898e-01 5.195029377937316895e-01 5.313447117805480957e-01
4.104398488998413086e-01 3.954119980335235596e-01 3.133272230625152588e-01 3.031613230705261230e-01 3.353944122791290283e-01 3.306277990341186523e-01 2.346080243587493896e-01 7.528412342071533203e-02 2.778113782405853271e-01 5.566541552543640137e-01 6.656443476676940918e-01
2.834596633911132812e-01 2.079554945230484009e-01 9.785637259483337402e-02 1.093945056200027466e-01 1.643343567848205566e-01 2.123558372259140015e-01 2.662191689014434814e-01 3.475403487682342529e-01 4.716874063014984131e-01 6.253766417503356934e-01 6.906137466430664062e-01
3.148218095302581787e-01 3.002238869667053223e-01 2.113355845212936401e-01 8.528438955545425415e-02 6.386245787143707275e-02 1.227702647447586060e-01 6.591659039258956909e-02 1.148046478629112244e-01 3.133139312267303467e-01 4.509746730327606201e-01 4.987860321998596191e-01
3.117735981941223145e-01 2.441799342632293701e-01 1.276740431785583496e-01 1.603407114744186401e-01 2.523432672023773193e-01 2.661243081092834473e-01 2.857959270477294922e-01 2.926467061042785645e-01 2.802403569221496582e-01 1.820191293954849243e-01 4.390572011470794678e-02
5.661320090293884277e-01 5.242933630943298340e-01 4.752624928951263428e-01 4.429032802581787109e-01 3.728218972682952881e-01 2.418096512556076050e-01 8.562004566192626953e-02 2.045895755290985107e-01 2.537648677825927734e-01 2.210806012153625488e-01 1.832121759653091431e-01
6.735075116157531738e-01 6.401963829994201660e-01 5.487447977066040039e-01 5.049904584884643555e-01 5.064731836318969727e-01 4.711903035640716553e-01 4.409843683242797852e-01 4.236670434474945068e-01 3.754679262638092041e-01 2.810672521591186523e-01 2.164808809757232666e-01
3.400692343711853027e-01 2.659025490283966064e-01 7.379185408353805542e-02 1.360493749380111694e-01 1.899692863225936890e-01 2.668489813804626465e-01 4.116639792919158936e-01 5.031278133392333984e-01 4.692009985446929932e-01 2.968178391456604004e-01 1.469386816024780273e-01
2.936781048774719238e-01 2.689597606658935547e-01 2.713207602500915527e-01 2.192439585924148560e-01 1.680765748023986816e-01 2.055243998765945435e-01 3.224676251411437988e-01 4.265291988849639893e-01 4.274940490722656250e-01 3.955450356006622314e-01 3.592546284198760986e-01
5.926288664340972900e-03 9.020663797855377197e-02 1.281693875789642334e-01 1.193580254912376404e-01 1.356557458639144897e-01 1.874396950006484985e-01 2.214855700731277466e-01 2.539882361888885498e-01 2.792893946170806885e-01 1.770027875900268555e-01 6.849151104688644409e-02
1.319167762994766235e-01 1.494975984096527100e-01 9.794089943170547485e-02 6.791710108518600464e-02 9.616307169198989868e-02 1.054900363087654114e-01 8.813406527042388916e-02 1.038622707128524780e-01 1.996483951807022095e-01 3.170559406280517578e-01 3.370974361896514893e-01
2.339408248662948608e-01 1.893513947725296021e-01 1.385692209005355835e-01 8.091092109680175781e-02 1.241847723722457886e-01 2.100875079631805420e-01 3.360462486743927002e-01 4.317426681518554688e-01 4.501564204692840576e-01 3.380243778228759766e-01 2.765668928623199463e-01
2.121083587408065796e-01 1.673151701688766479e-01 5.106286332011222839e-02 1.052771508693695068e-01 1.311054527759552002e-01 1.578025817871093750e-01 3.300684392452239990e-01 5.937511920928955078e-01 7.330232262611389160e-01 7.156011462211608887e-01 6.663872003555297852e-01
5.173690915107727051e-01 4.932341575622558594e-01 4.439140260219573975e-01 4.163205027580261230e-01 4.053634405136108398e-01 4.248285889625549316e-01 5.799937844276428223e-01 7.820562124252319336e-01 9.330623745918273926e-01 1.009173989295959473e+00 1.033184170722961426e+00
5.165132880210876465e-01 4.373216629028320312e-01 3.369669914245605469e-01 4.658438265323638916e-01 6.194559931755065918e-01 6.308807134628295898e-01 4.402784109115600586e-01 3.084925413131713867e-01 4.027684628963470459e-01 3.407611548900604248e-01 1.852624416351318359e-01
6.006503105163574219e-01 5.414166450500488281e-01 5.060679316520690918e-01 5.753262042999267578e-01 6.433079242706298828e-01 6.002948284149169922e-01 5.190665721893310547e-01 4.672989845275878906e-01 5.071100592613220215e-01 5.788908004760742188e-01 5.959629416465759277e-01
1.156975403428077698e-01 4.269959330558776855e-01 6.986027956008911133e-01 7.272845506668090820e-01 5.133267045021057129e-01 1.267979145050048828e-01 2.347044348716735840e-01 4.714506566524505615e-01 5.566502809524536133e-01 5.779483318328857422e-01 6.163702607154846191e-01
1.274286359548568726e-01 4.159034192562103271e-01 7.644538283348083496e-01 9.936944246292114258e-01 9.480359554290771484e-01 7.302641868591308594e-01 4.608826935291290283e-01 1.499067544937133789e-01 5.706271529197692871e-02 1.703193187713623047e-01 1.443354934453964233e-01
9.809165000915527344e-01 1.027557373046875000e+00 1.040603518486022949e+00 9.514710903167724609e-01 9.010022878646850586e-01 8.607011437416076660e-01 7.122334837913513184e-01 5.275389552116394043e-01 3.704759478569030762e-01 2.607450485229492188e-01 2.380855083465576172e-01
1.329828500747680664e+00 1.166702628135681152e+00 7.241977453231811523e-01 2.701293826103210449e-01 4.478096067905426025e-01 5.298792719841003418e-01 3.539016544818878174e-01 2.898199558258056641e-01 3.528303503990173340e-01 2.870572507381439209e-01 1.833442598581314087e-01
3.264456093311309814e-01 6.780800819396972656e-01 1.050022006034851074e+00 1.170365929603576660e+00 1.066726565361022949e+00 8.621664643287658691e-01 6.467021703720092773e-01 5.574551820755004883e-01 5.297501683235168457e-01 5.009131431579589844e-01 4.896597266197204590e-01
3.700265884399414062e-01 5.496405959129333496e-01 9.162486195564270020e-01 1.155214309692382812e+00 1.059792280197143555e+00 7.028917670249938965e-01 4.169691503047943115e-01 4.346020519733428955e-01 5.105910897254943848e-01 4.448038935661315918e-01 3.534232676029205322e-01
6.324879527091979980e-01 7.374687790870666504e-01 8.311809301376342773e-01 8.006939291954040527e-01 7.435904145240783691e-01 6.411374807357788086e-01 5.199818611145019531e-01 4.524704813957214355e-01 3.741164505481719971e-01 2.588341832160949707e-01 1.744281649589538574e-01
9.472922682762145996e-01 8.258349895477294922e-01 4.876207411289215088e-01 1.587775945663452148e-01 3.581821322441101074e-01 5.581638813018798828e-01 5.695996284484863281e-01 4.863628447055816650e-01 3.882957994937896729e-01 2.402452975511550903e-01 1.095801889896392822e-01
6.190613508224487305e-01 5.451294779777526855e-01 4.610635638236999512e-01 4.846155047416687012e-01 5.135059356689453125e-01 4.052707254886627197e-01 1.851447373628616333e-01 6.897246837615966797e-02 2.407111376523971558e-01 3.051700294017791748e-01 3.148494660854339600e-01
4.127585887908935547e-01 3.606561124324798584e-01 2.770657837390899658e-01 3.461081683635711670e-01 4.621803164482116699e-01 5.016185641288757324e-01 4.494687020778656006e-01 3.374160826206207275e-01 2.241932153701782227e-01 1.093755662441253662e-01 1.387607306241989136e-02
3.251508772373199463e-01 3.094686567783355713e-01 2.950327396392822266e-01 3.057622611522674561e-01 3.189223408699035645e-01 3.056570887565612793e-01 2.720220685005187988e-01 2.321746051311492920e-01 1.619795113801956177e-01 7.574471831321716309e-02 1.629520766437053680e-02
2.799149416387081146e-02 6.043420359492301941e-02 5.274501815438270569e-02 7.238586246967315674e-02 9.451609849929809570e-02 6.045795977115631104e-02 4.646962508559226990e-02 9.198659658432006836e-02 8.636623620986938477e-02 5.112500116229057312e-02 2.309459820389747620e-02
1.433807015419006348e-01 1.723500192165374756e-01 1.904201507568359375e-01 2.100711911916732788e-01 2.366832047700881958e-01 2.342321127653121948e-01 2.188007682561874390e-01 1.898150593042373657e-01 1.242491453886032104e-01 7.491642236709594727e-02 6.542302668094635010e-02
2.451863586902618408e-01 1.827615648508071899e-01 9.390240162611007690e-02 9.786821156740188599e-02 1.894546896219253540e-01 2.526916563510894775e-01 2.678966224193572998e-01 2.332027703523635864e-01 2.043869793415069580e-01 1.545224934816360474e-01 1.299843788146972656e-01
2.080565690994262695e-01 2.158769965171813965e-01 1.795149594545364380e-01 1.662223935127258301e-01 1.600667983293533325e-01 1.312305182218551636e-01 4.369825497269630432e-02 7.652091979980468750e-02 1.420297473669052124e-01 1.460017412900924683e-01 1.058834865689277649e-01
1.499898433685302734e-01 1.086647212505340576e-01 7.483428716659545898e-02 5.434288457036018372e-02 2.257032692432403564e-02 9.369799494743347168e-02 1.755341887474060059e-01 2.306747734546661377e-01 2.609569728374481201e-01 2.716949880123138428e-01 2.782220840454101562e-01
2.130204588174819946e-01 1.965810656547546387e-01 1.638118922710418701e-01 1.666731685400009155e-01 1.912657916545867920e-01 2.363902628421783447e-01 2.724306583404541016e-01 2.905373573303222656e-01 2.429436892271041870e-01 1.385175287723541260e-01 1.771969720721244812e-02
4.402581751346588135e-01 4.233635962009429932e-01 3.637785315513610840e-01 2.606431841850280762e-01 1.136345788836479187e-01 1.057051643729209900e-01 2.446445524692535400e-01 2.828060686588287354e-01 2.261836379766464233e-01 1.185361891984939575e-01 1.872044242918491364e-02
9.787620604038238525e-02 2.122173458337783813e-01 3.254339694976806641e-01 3.379420042037963867e-01 3.036572337150573730e-01 2.592265307903289795e-01 2.262292504310607910e-01 1.994550228118896484e-01 1.870980411767959595e-01 1.737869530916213989e-01 1.678578853607177734e-01
1.580383479595184326e-01 1.806453168392181396e-01 2.171884179115295410e-01 2.418516874313354492e-01 2.405819147825241089e-01 1.939123123884201050e-01 1.031029671430587769e-01 1.590760983526706696e-02 8.097487688064575195e-02 7.485220581293106079e-02 2.452001534402370453e-02
1.348974704742431641e-01 6.667818874120712280e-02 7.470097392797470093e-02 1.312382519245147705e-01 8.759846538305282593e-02 3.558733686804771423e-02 1.320256143808364868e-01 1.775859892368316650e-01 1.428384929895401001e-01 1.171272769570350647e-01 1.010642647743225098e-01
4.327768385410308838e-01 4.355954229831695557e-01 3.920400738716125488e-01 3.298468589782714844e-01 2.734363079071044922e-01 2.324070930480957031e-01 2.392873466014862061e-01 2.415845841169357300e-01 2.389733493328094482e-01 1.725870966911315918e-01 1.175461262464523315e-01
4.627433419227600098e-01 4.437961578369140625e-01 4.088191092014312744e-01 3.241032660007476807e-01 1.953450590372085571e-01 8.110341429710388184e-02 4.366812855005264282e-02 1.347838193178176880e-01 2.216322720050811768e-01 3.045341968536376953e-01 3.373398780822753906e-01
4.992287606000900269e-02 1.038500443100929260e-01 1.481914669275283813e-01 1.649305075407028198e-01 1.476165056228637695e-01 9.540897607803344727e-02 3.603323921561241150e-02 7.843206077814102173e-02 1.729924678802490234e-01 2.434950470924377441e-01 2.695863544940948486e-01
3.579520061612129211e-02 7.799759507179260254e-02 1.081609278917312622e-01 8.045762032270431519e-02 1.384955178946256638e-02 8.681185543537139893e-02 1.492944508790969849e-01 1.826389878988265991e-01 1.645312160253524780e-01 1.114455014467239380e-01 6.719896197319030762e-02
2.381181716918945312e-01 2.282141149044036865e-01 1.927995383739471436e-01 1.666205376386642456e-01 1.674343198537826538e-01 2.056479007005691528e-01 2.268975675106048584e-01 1.983563452959060669e-01 1.319028884172439575e-01 6.200021877884864807e-02 3.672774136066436768e-02
3.207103312015533447e-01 2.805145382881164551e-01 1.828214526176452637e-01 8.108661323785781860e-02 1.221372187137603760e-01 2.088686823844909668e-01 2.378097027540206909e-01 1.987107098102569580e-01 1.295958906412124634e-01 4.811514168977737427e-02 8.354596793651580811e-03
1.940855681896209717e-01 1.866452842950820923e-01 1.554648876190185547e-01 1.194424629211425781e-01 1.489709466695785522e-01 1.931848227977752686e-01 2.159127742052078247e-01 1.919685155153274536e-01 1.256699711084365845e-01 8.942869305610656738e-02 8.414969593286514282e-02
1.116358041763305664e-01 6.842050701379776001e-02 8.935309015214443207e-03 3.944678604602813721e-02 8.354375511407852173e-02 1.515821367502212524e-01 1.703779548406600952e-01 1.400316953659057617e-01 6.756642460823059082e-02 4.360657185316085815e-02 5.049581825733184814e-02
2.305431663990020752e-01 2.318660169839859009e-01 2.105208784341812134e-01 2.176712453365325928e-01 2.189156264066696167e-01 1.876625418663024902e-01 1.308452636003494263e-01 7.527447491884231567e-02 1.008089259266853333e-01 1.225103661417961121e-01 1.417367160320281982e-01
1.938461959362030029e-01 1.960792243480682373e-01 2.170583903789520264e-01 2.028936296701431274e-01 1.781051158905029297e-01 1.483213603496551514e-01 1.277837455272674561e-01 1.027184054255485535e-01 1.026574894785881042e-01 1.019469723105430603e-01 8.362620323896408081e-02
1.619749702513217926e-02 3.440527990460395813e-02 4.755039140582084656e-02 6.398852169513702393e-02 4.969865456223487854e-02 8.211059495806694031e-03 7.464554905891418457e-02 1.384343206882476807e-01 1.635833531618118286e-01 1.372850835323333740e-01 1.024148687720298767e-01
1.889027468860149384e-02 3.052374906837940216e-02 5.052701756358146667e-02 3.113126568496227264e-02 1.798079721629619598e-02 6.125561147928237915e-02 1.130108684301376343e-01 1.624248623847961426e-01 1.820264011621475220e-01 1.915438026189804077e-01 2.037496417760848999e-01
3.066436387598514557e-02 4.313586652278900146e-02 4.298779740929603577e-02 6.694728881120681763e-02 9.594626724720001221e-02 1.403605788946151733e-01 1.674375832080841064e-01 1.316439807415008545e-01 4.923715069890022278e-02 7.675112783908843994e-02 1.117414832115173340e-01
8.984913118183612823e-03 2.625717781484127045e-02 3.952765092253684998e-02 1.844557933509349823e-02 3.808256238698959351e-02 1.141634583473205566e-01 1.784635186195373535e-01 2.270475775003433228e-01 2.501716017723083496e-01 2.681771218776702881e-01 2.828144133090972900e-01
4.331750050187110901e-02 7.083136588335037231e-02 8.571688830852508545e-02 9.439495950937271118e-02 9.482980519533157349e-02 9.009295701980590820e-02 1.034748926758766174e-01 1.191790476441383362e-01 1.618748754262924194e-01 2.164614647626876831e-01 2.350856661796569824e-01
3.897739946842193604e-01 3.691559433937072754e-01 3.289959728717803955e-01 2.350398898124694824e-01 1.512040644884109497e-01 1.400484293699264526e-01 1.316852718591690063e-01 1.138728037476539612e-01 1.271898150444030762e-01 9.687475115060806274e-02 5.036241561174392700e-02
4.152953624725341797e-01 4.257181286811828613e-01 4.145063161849975586e-01 4.028836190700531006e-01 3.760926127433776855e-01 3.592985570430755615e-01 3.488388359546661377e-01 3.174506127834320068e-01 2.584266066551208496e-01 1.939988583326339722e-01 1.794235557317733765e-01
1.430328004062175751e-02 1.410035490989685059e-01 2.044959515333175659e-01 1.352478712797164917e-01 5.908640846610069275e-02 1.915214657783508301e-01 2.732915282249450684e-01 2.662041783332824707e-01 1.811768412590026855e-01 9.135720878839492798e-02 3.071223758161067963e-02
2.190704494714736938e-01 1.874047815799713135e-01 1.244788020849227905e-01 9.490082412958145142e-02 1.403443962335586548e-01 1.971448361873626709e-01 2.138879448175430298e-01 1.717065274715423584e-01 9.799677133560180664e-02 3.169507160782814026e-02 1.871239952743053436e-02
1.601479947566986084e-01 1.519810706377029419e-01 1.338166892528533936e-01 1.287847906351089478e-01 1.793013215065002441e-01 2.472711950540542603e-01 2.616981863975524902e-01 2.031135708093643188e-01 1.025638207793235779e-01 2.236946858465671539e-02 1.155311521142721176e-02
9.204411506652832031e-02 6.647798418998718262e-02 1.284419838339090347e-02 1.153325214982032776e-01 2.258196324110031128e-01 3.037309646606445312e-01 3.213261067867279053e-01 2.874557375907897949e-01 2.340389043092727661e-01 1.804205626249313354e-01 1.621071398258209229e-01
5.761470645666122437e-02 7.155393064022064209e-02 1.028779149055480957e-01 1.278939247131347656e-01 1.488769054412841797e-01 1.735556125640869141e-01 1.879077404737472534e-01 1.623982787132263184e-01 1.004690304398536682e-01 9.681008756160736084e-02 1.151394546031951904e-01
1.612260192632675171e-02 3.744057565927505493e-02 5.809270218014717102e-02 5.631046742200851440e-02 4.171098768711090088e-02 6.543920934200286865e-02 1.255121380090713501e-01 1.356668919324874878e-01 1.028904542326927185e-01 7.606479525566101074e-02 7.085982710123062134e-02
1.129898354411125183e-01 8.879045397043228149e-02 8.208996802568435669e-02 1.150045022368431091e-01 1.568502187728881836e-01 1.794201433658599854e-01 1.833422482013702393e-01 1.799637675285339355e-01 1.648799926042556763e-01 1.081104427576065063e-01 7.328987121582031250e-02
3.660803437232971191e-01 3.560811877250671387e-01 3.106511831283569336e-01 2.435634583234786987e-01 1.624453961849212646e-01 6.501543521881103516e-02 4.226777702569961548e-02 1.306347101926803589e-01 1.555963456630706787e-01 1.428584605455398560e-01 1.209583282470703125e-01
4.884239733219146729e-01 4.136317968368530273e-01 2.397200465202331543e-01 8.319161832332611084e-02 8.775710314512252808e-02 1.260896772146224976e-01 1.351927220821380615e-01 1.523520499467849731e-01 1.677484959363937378e-01 1.469073891639709473e-01 1.224464997649192810e-01
4.061529636383056641e-01 3.767699599266052246e-01 3.021325767040252686e-01 2.281203120946884155e-01 1.763678640127182007e-01 1.323208808898925781e-01 6.988231837749481201e-02 1.025155931711196899e-01 1.889768093824386597e-01 2.384835779666900635e-01 2.485833466053009033e-01
2.133519202470779419e-01 1.781618297100067139e-01 1.029523387551307678e-01 9.171354770660400391e-02 1.762243360280990601e-01 2.399696260690689087e-01 2.648369371891021729e-01 2.660699784755706787e-01 2.147031873464584351e-01 1.159422397613525391e-01 1.805993169546127319e-02
1.097767576575279236e-01 9.908087551593780518e-02 6.239897012710571289e-02 4.407313093543052673e-02 1.010810807347297668e-01 1.703055948019027710e-01 2.294847220182418823e-01 2.157125622034072876e-01 1.657004356384277344e-01 9.742872416973114014e-02 6.129166483879089355e-02
3.501131385564804077e-02 7.184615731239318848e-02 1.035209447145462036e-01 1.113969162106513977e-01 1.435342133045196533e-01 1.532985419034957886e-01 1.127851232886314392e-01 7.968832552433013916e-02 8.340519666671752930e-02 1.001425981521606445e-01 9.236382693052291870e-02
1.487842798233032227e-01 1.557960957288742065e-01 1.714764684438705444e-01 1.718519479036331177e-01 1.385338902473449707e-01 9.511208534240722656e-02 7.373475283384323120e-02 6.828492879867553711e-02 7.346066832542419434e-02 9.995572268962860107e-02 1.144052296876907349e-01
1.458235830068588257e-01 1.159646213054656982e-01 6.827457249164581299e-02 8.705613762140274048e-02 8.958792686462402344e-02 5.268721282482147217e-02 3.615782782435417175e-02 4.914933443069458008e-02 4.740090295672416687e-02 5.836822837591171265e-02 7.491502910852432251e-02
1.328127384185791016e-01 1.299458891153335571e-01 1.364358812570571899e-01 1.618071198463439941e-01 1.942708194255828857e-01 2.015314996242523193e-01 1.675624996423721313e-01 1.222753003239631653e-01 8.787943422794342041e-02 7.217157632112503052e-02 6.082149222493171692e-02
2.133866213262081146e-02 9.478339552879333496e-02 1.494845449924468994e-01 1.696756035089492798e-01 1.938537657260894775e-01 2.281530052423477173e-01 2.490640729665756226e-01 2.338734269142150879e-01 1.839026063680648804e-01 1.220248192548751831e-01 8.372810482978820801e-02
1.595309823751449585e-01 1.554265171289443970e-01 1.289851218461990356e-01 7.566016167402267456e-02 8.141440153121948242e-02 1.507054120302200317e-01 1.684170514345169067e-01 1.285493969917297363e-01 1.171889454126358032e-01 1.556403934955596924e-01 1.794770658016204834e-01
6.090445816516876221e-02 7.228057086467742920e-02 9.782066196203231812e-02 1.267895251512527466e-01 1.558061391115188599e-01 1.657210737466812134e-01 1.462155878543853760e-01 1.221219226717948914e-01 1.050710752606391907e-01 1.151836588978767395e-01 1.197954937815666199e-01
4.801959916949272156e-02 4.379680007696151733e-02 1.679391972720623016e-02 3.142039850354194641e-02 7.794010639190673828e-02 1.052279248833656311e-01 1.079909503459930420e-01 9.477378427982330322e-02 8.632674813270568848e-02 5.234745144844055176e-02 1.598684303462505341e-02
3.931035101413726807e-02 5.043122917413711548e-02 7.548365741968154907e-02 8.662983775138854980e-02 7.863213866949081421e-02 5.006181448698043823e-02 2.260299958288669586e-02 1.221170462667942047e-02 4.192282631993293762e-02 6.895994395017623901e-02 8.402014523744583130e-02
5.537074804306030273e-02 7.189492881298065186e-02 8.178450912237167358e-02 8.700726181268692017e-02 7.949350774288177490e-02 6.478215008974075317e-02 3.919396176934242249e-02 4.607423767447471619e-02 8.193433284759521484e-02 1.191226318478584290e-01 1.282600462436676025e-01
7.543861865997314453e-02 6.751888990402221680e-02 5.831289663910865784e-02 1.797450147569179535e-02 2.878051996231079102e-02 6.791149824857711792e-02 8.474729955196380615e-02 8.404192328453063965e-02 9.796941280364990234e-02 1.258324831724166870e-01 1.434744298458099365e-01
5.298591405153274536e-02 6.811971962451934814e-02 8.359684795141220093e-02 8.185531198978424072e-02 6.530750542879104614e-02 6.905594468116760254e-02 7.943609356880187988e-02 7.757713645696640015e-02 8.083313703536987305e-02 1.309559196233749390e-01 1.545968353748321533e-01
1.397065073251724243e-01 1.429597735404968262e-01 1.353823691606521606e-01 1.120136082172393799e-01 8.138465136289596558e-02 8.361820876598358154e-02 1.198299005627632141e-01 1.511687636375427246e-01 1.763104200363159180e-01 1.910410523414611816e-01 1.991383135318756104e-01
9.221370518207550049e-02 6.580477207899093628e-02 2.992148883640766144e-02 8.292865008115768433e-02 1.354260593652725220e-01 1.561107784509658813e-01 1.377876102924346924e-01 8.525254577398300171e-02 2.802970260381698608e-02 7.867453247308731079e-02 1.004183292388916016e-01
6.227790191769599915e-02 6.489083170890808105e-02 7.252614945173263550e-02 8.631902933120727539e-02 1.018709912896156311e-01 1.131984815001487732e-01 1.120855286717414856e-01 9.298294782638549805e-02 7.700603455305099487e-02 6.334016472101211548e-02 6.366342306137084961e-02
2.916259132325649261e-02 6.208628043532371521e-02 7.684636116027832031e-02 4.451916366815567017e-02 1.918274722993373871e-02 5.478772893548011780e-02 6.518640369176864624e-02 5.067335441708564758e-02 1.935323514044284821e-02 1.421567797660827637e-02 2.445835247635841370e-02
1.900550127029418945e-01 1.763013303279876709e-01 1.472641974687576294e-01 1.079486161470413208e-01 6.968051940202713013e-02 3.615890815854072571e-02 2.064907550811767578e-02 3.546033799648284912e-02 4.602622985839843750e-02 5.059422180056571960e-02 5.279397219419479370e-02
2.113026976585388184e-01 1.864209920167922974e-01 1.177048385143280029e-01 6.324308365583419800e-02 5.045305564999580383e-02 4.477812722325325012e-02 3.365272283554077148e-02 2.290321700274944305e-02 2.124191261827945709e-02 3.348238766193389893e-02 3.735963255167007446e-02
1.962547004222869873e-01 1.646691113710403442e-01 1.045817807316780090e-01 5.000509694218635559e-02 3.857000544667243958e-02 3.328464180231094360e-02 2.987196482717990875e-02 2.982883341610431671e-02 2.749922499060630798e-02 3.719853982329368591e-02 4.609208926558494568e-02
1.889418214559555054e-01 1.672033220529556274e-01 1.023120954632759094e-01 4.189084842801094055e-02 2.648845687508583069e-02 2.739254198968410492e-02 1.412095781415700912e-02 2.584874816238880157e-02 4.356990009546279907e-02 4.868621751666069031e-02 4.566229879856109619e-02
1.572485119104385376e-01 1.417617201805114746e-01 1.112650334835052490e-01 7.826443016529083252e-02 5.685946345329284668e-02 5.330821126699447632e-02 5.286907777190208435e-02 4.352172836661338806e-02 3.080598451197147369e-02 1.711057685315608978e-02 6.956866476684808731e-03
4.836550354957580566e-02 5.655831843614578247e-02 6.151138246059417725e-02 5.837384983897209167e-02 5.355888232588768005e-02 4.344116151332855225e-02 3.189262747764587402e-02 1.611110754311084747e-02 1.056301314383745193e-02 1.239538565278053284e-02 1.735548302531242371e-02
1.306414138525724411e-02 1.473630778491497040e-02 1.312156859785318375e-02 1.092530554160475731e-03 1.418310683220624924e-02 2.169199287891387939e-02 1.036363374441862106e-02 1.663450337946414948e-02 2.651339024305343628e-02 2.872753329575061798e-02 2.886815927922725677e-02
6.712595466524362564e-03 2.429086342453956604e-02 3.894755244255065918e-02 5.151066556572914124e-02 5.172854289412498474e-02 4.978443309664726257e-02 4.921153932809829712e-02 5.027127265930175781e-02 4.974865540862083435e-02 5.748203769326210022e-02 6.191390380263328552e-02
7.387669384479522705e-02 6.970514357089996338e-02 6.231154873967170715e-02 5.067227408289909363e-02 5.311274901032447815e-02 5.352829769253730774e-02 3.994476422667503357e-02 2.004971355199813843e-02 1.392995286732912064e-02 3.351750224828720093e-02 3.976578265428543091e-02
9.358472377061843872e-02 7.813373208045959473e-02 3.732981905341148376e-02 1.671351678669452667e-02 2.449255436658859253e-02 1.773911714553833008e-02 1.388423331081867218e-02 1.254880614578723907e-02 2.682018652558326721e-02 3.570614382624626160e-02 4.306712746620178223e-02
1.339993029832839966e-01 1.220326200127601624e-01 9.876436740159988403e-02 6.228807941079139709e-02 3.091854229569435120e-02 1.669201068580150604e-02 2.331855893135070801e-02 2.662305347621440887e-02 3.635838255286216736e-02 3.685068711638450623e-02 3.328532725572586060e-02
7.649216800928115845e-02 7.174360752105712891e-02 6.891002506017684937e-02 9.154339134693145752e-02 9.993982315063476562e-02 9.505187720060348511e-02 8.949074149131774902e-02 9.353062510490417480e-02 8.800341933965682983e-02 7.188814133405685425e-02 5.522695928812026978e-02
8.790571987628936768e-02 7.686781138181686401e-02 8.137209713459014893e-02 1.013997718691825867e-01 1.106903776526451111e-01 9.340523183345794678e-02 3.695058450102806091e-02 4.162856563925743103e-02 1.207543238997459412e-01 1.709066331386566162e-01 1.937319636344909668e-01
1.061976402997970581e-01 1.046177297830581665e-01 8.411127328872680664e-02 6.892121583223342896e-02 7.340858876705169678e-02 8.548526465892791748e-02 1.043793484568595886e-01 1.241060718894004822e-01 1.536831259727478027e-01 1.856374293565750122e-01 1.914067566394805908e-01
5.136273801326751709e-02 4.514604806900024414e-02 3.249518945813179016e-02 1.631028950214385986e-02 1.487590372562408447e-02 1.780849136412143707e-02 4.382581263780593872e-02 5.436280369758605957e-02 4.438311979174613953e-02 6.504150480031967163e-02 8.463060110807418823e-02
1.424301974475383759e-02 2.780554257333278656e-02 4.446083307266235352e-02 4.404186457395553589e-02 4.081441089510917664e-02 3.359203785657882690e-02 3.300001099705696106e-02 3.613879904150962830e-02 5.760735273361206055e-02 8.102249354124069214e-02 8.931144326925277710e-02
3.560317680239677429e-02 5.679312348365783691e-02 9.789264202117919922e-02 1.389677524566650391e-01 1.473434567451477051e-01 1.292611956596374512e-01 1.063354387879371643e-01 1.210366711020469666e-01 1.471973508596420288e-01 1.614940613508224487e-01 1.646443754434585571e-01
4.848000407218933105e-02 1.084496676921844482e-01 2.042033523321151733e-01 2.756565213203430176e-01 3.093883991241455078e-01 3.011589348316192627e-01 2.622169852256774902e-01 1.944221854209899902e-01 1.236346587538719177e-01 7.053025811910629272e-02 5.097167938947677612e-02
2.851707041263580322e-01 2.728891074657440186e-01 2.282028943300247192e-01 1.965157836675643921e-01 2.059586793184280396e-01 2.032535672187805176e-01 1.637094616889953613e-01 1.244245916604995728e-01 9.175077080726623535e-02 5.861656367778778076e-02 3.950908035039901733e-02
2.801706790924072266e-01 2.462701350450515747e-01 1.747838705778121948e-01 1.251969486474990845e-01 1.456656306982040405e-01 1.499062627553939819e-01 9.998177736997604370e-02 7.324244827032089233e-02 1.026771962642669678e-01 1.270639300346374512e-01 1.311940252780914307e-01
9.112326800823211670e-02 1.289108097553253174e-01 1.690592467784881592e-01 1.803590655326843262e-01 1.716344803571701050e-01 1.604782193899154663e-01 1.532728075981140137e-01 1.289817839860916138e-01 9.857711195945739746e-02 6.443274021148681641e-02 5.273133143782615662e-02
7.782872766256332397e-02 7.772079110145568848e-02 8.142966032028198242e-02 6.235332787036895752e-02 1.682997681200504303e-02 4.577208310365676880e-02 7.843470573425292969e-02 6.636913865804672241e-02 3.252154588699340820e-02 1.432225573807954788e-02 1.546029001474380493e-02
5.539985746145248413e-02 4.606778547167778015e-02 9.921223856508731842e-03 3.105937130749225616e-02 6.323716789484024048e-02 9.008248150348663330e-02 1.054294630885124207e-01 1.066046431660652161e-01 9.006743133068084717e-02 7.949521392583847046e-02 7.441893965005874634e-02
2.031039074063301086e-02 3.607551753520965576e-02 6.319544464349746704e-02 7.929886877536773682e-02 7.844636589288711548e-02 5.699392780661582947e-02 4.782809317111968994e-02 8.011029660701751709e-02 1.084363162517547607e-01 1.127839311957359314e-01 1.152071803808212280e-01
1.003618314862251282e-01 1.017338559031486511e-01 1.095951646566390991e-01 9.797975420951843262e-02 7.564979046583175659e-02 5.917406454682350159e-02 5.478243529796600342e-02 6.263209134340286255e-02 5.774823203682899475e-02 3.509742021560668945e-02 2.109375083819031715e-03
1.073764562606811523e-01 1.007401496171951294e-01 7.244195789098739624e-02 4.408798739314079285e-02 2.632594667375087738e-02 3.007194586098194122e-02 3.728379681706428528e-02 3.141599148511886597e-02 2.918507531285285950e-02 3.532492741942405701e-02 3.218317031860351562e-02
4.358721151947975159e-02 3.963677585124969482e-02 3.162712976336479187e-02 2.211789600551128387e-02 8.978723548352718353e-03 1.059230230748653412e-02 1.663525775074958801e-02 2.493057958781719208e-02 2.306791953742504120e-02 2.567727118730545044e-02 3.275066614151000977e-02
4.732363298535346985e-02 4.020082205533981323e-02 4.024692252278327942e-02 5.350487306714057922e-02 7.055377960205078125e-02 7.834099978208541870e-02 8.977488428354263306e-02 8.257431536912918091e-02 6.784535199403762817e-02 4.193872213363647461e-02 1.817124895751476288e-02
8.291043341159820557e-03 7.782606035470962524e-02 1.355715394020080566e-01 1.752678453922271729e-01 1.826422363519668579e-01 1.638957262039184570e-01 1.220217198133468628e-01 9.138990938663482666e-02 7.609833776950836182e-02 7.845982164144515991e-02 8.170789480209350586e-02
2.193623185157775879e-01 2.229082137346267700e-01 2.242093086242675781e-01 1.988085061311721802e-01 1.591468900442123413e-01 1.155786141753196716e-01 7.834661006927490234e-02 4.216660559177398682e-02 3.265317529439926147e-02 5.759473517537117004e-02 6.398372352123260498e-02
1.879969984292984009e-01 1.819353997707366943e-01 1.481633186340332031e-01 9.347031265497207642e-02 2.862559072673320770e-02 1.829838193953037262e-02 4.073281213641166687e-02 4.199421778321266174e-02 3.643245249986648560e-02 1.997555606067180634e-02 1.729771122336387634e-02
1.070835907012224197e-02 6.371410936117172241e-02 8.975505083799362183e-02 7.926097512245178223e-02 3.739576414227485657e-02 7.068550679832696915e-03 3.319043666124343872e-02 4.182401672005653381e-02 3.750954195857048035e-02 2.693694271147251129e-02 2.546925656497478485e-02
7.599756866693496704e-02 7.463236153125762939e-02 8.677654713392257690e-02 8.090994507074356079e-02 6.975631415843963623e-02 6.338376551866531372e-02 6.696406751871109009e-02 7.367811352014541626e-02 6.888700276613235474e-02 4.791112616658210754e-02 2.908706665039062500e-02
1.057267468422651291e-02 3.395526856184005737e-02 4.958966746926307678e-02 5.869817361235618591e-02 4.585567861795425415e-02 2.637442573904991150e-02 5.986076220870018005e-02 1.069332435727119446e-01 1.218276470899581909e-01 1.136988103389739990e-01 1.030989885330200195e-01
4.647636786103248596e-02 3.221473097801208496e-02 6.422934122383594513e-03 2.874168567359447479e-02 5.291962251067161560e-02 7.372125983238220215e-02 9.869865328073501587e-02 1.115114316344261169e-01 1.199364438652992249e-01 1.127968281507492065e-01 1.064894646406173706e-01
8.342565596103668213e-02 8.392594009637832642e-02 7.638558000326156616e-02 6.326808780431747437e-02 4.506401345133781433e-02 4.630217794328927994e-03 4.098780825734138489e-02 6.710565090179443359e-02 6.127255782485008240e-02 3.365359827876091003e-02 1.464774552732706070e-02
5.503479391336441040e-02 4.737722873687744141e-02 4.371134191751480103e-02 5.439780652523040771e-02 6.092982366681098938e-02 7.078881561756134033e-02 6.969962269067764282e-02 6.732387095689773560e-02 5.215519294142723083e-02 3.269524127244949341e-02 1.393655873835086823e-02
3.452152386307716370e-02 2.863932773470878601e-02 2.145044505596160889e-02 2.389751560986042023e-02 2.760355174541473389e-02 2.601001225411891937e-02 3.766332939267158508e-02 4.961876198649406433e-02 5.177821964025497437e-02 3.091967478394508362e-02 8.972894400358200073e-03
5.804705619812011719e-02 5.455838516354560852e-02 3.326898068189620972e-02 1.260601542890071869e-02 5.988643039017915726e-03 1.089202240109443665e-02 2.135099470615386963e-02 4.577868059277534485e-02 7.147956639528274536e-02 9.137915819883346558e-02 9.381183236837387085e-02
8.072750270366668701e-02 6.500916182994842529e-02 4.246398434042930603e-02 2.112840302288532257e-02 1.550892367959022522e-02 7.777382154017686844e-03 1.732500642538070679e-02 6.289388984441757202e-02 1.209539249539375305e-01 1.705058664083480835e-01 1.918619573116302490e-01
1.168428361415863037e-01 1.060965284705162048e-01 7.362562417984008789e-02 5.197507888078689575e-02 4.887361451983451843e-02 6.118809804320335388e-02 8.131794631481170654e-02 1.134572103619575500e-01 1.456675976514816284e-01 1.591377407312393188e-01 1.610402315855026245e-01
1.196146756410598755e-01 1.083763092756271362e-01 8.027955889701843262e-02 4.330243542790412903e-02 3.893603011965751648e-02 6.558939814567565918e-02 8.705394715070724487e-02 8.281107246875762939e-02 5.519608408212661743e-02 3.319386392831802368e-02 2.633945271372795105e-02
2.590765058994293213e-02 5.028709396719932556e-02 6.966202706098556519e-02 6.866258382797241211e-02 6.658978760242462158e-02 5.807297304272651672e-02 3.697515279054641724e-02 2.300021983683109283e-02 2.597499825060367584e-02 2.262361720204353333e-02 1.295516081154346466e-02
2.446552552282810211e-02 3.486870229244232178e-02 6.120828166604042053e-02 8.151589334011077881e-02 8.265384286642074585e-02 7.217737287282943726e-02 5.317822471261024475e-02 3.978408500552177429e-02 4.083749651908874512e-02 4.334258660674095154e-02 4.429344087839126587e-02
2.499443665146827698e-02 3.348844870924949646e-02 5.064862221479415894e-02 5.859455466270446777e-02 4.914909228682518005e-02 2.701406739652156830e-02 3.826814517378807068e-02 6.053287908434867859e-02 6.129668653011322021e-02 4.151418805122375488e-02 1.968343928456306458e-02
4.135448019951581955e-03 2.666635625064373016e-02 3.813918679952621460e-02 3.673805668950080872e-02 3.168203309178352356e-02 2.918828465044498444e-02 4.038673639297485352e-02 5.491752550005912781e-02 7.367818802595138550e-02 8.462679386138916016e-02 8.787985891103744507e-02
3.452397882938385010e-02 3.178991004824638367e-02 2.664972282946109772e-02 1.728428155183792114e-02 2.341722603887319565e-03 6.414338480681180954e-03 1.588772982358932495e-02 3.792518004775047302e-02 5.172739923000335693e-02 4.575190693140029907e-02 3.631876781582832336e-02
3.041367279365658760e-03 1.900111883878707886e-02 2.662589959800243378e-02 1.882873661816120148e-02 1.094302628189325333e-02 1.628735102713108063e-02 2.634222619235515594e-02 5.009685084223747253e-02 6.773873418569564819e-02 7.487688213586807251e-02 7.376907765865325928e-02
7.606379687786102295e-02 7.585147023200988770e-02 6.515969336032867432e-02 5.633121356368064880e-02 4.771015793085098267e-02 5.609502270817756653e-02 6.821835786104202271e-02 8.368808031082153320e-02 1.029217764735221863e-01 1.154737845063209534e-01 1.212304309010505676e-01
7.767553627490997314e-02 7.642161101102828979e-02 8.093537390232086182e-02 7.473146915435791016e-02 6.608600914478302002e-02 4.893707111477851868e-02 3.861795738339424133e-02 2.917998284101486206e-02 2.881015464663505554e-02 5.160998553037643433e-02 6.293478608131408691e-02
2.017386257648468018e-03 1.853814348578453064e-02 2.081463113427162170e-02 2.751802653074264526e-02 2.801328152418136597e-02 2.492247894406318665e-02 1.773612014949321747e-02 1.753328926861286163e-02 3.127536550164222717e-02 4.431407898664474487e-02 4.866601154208183289e-02
1.736630499362945557e-02 1.408237125724554062e-02 1.387876179069280624e-02 1.823093183338642120e-02 2.873494848608970642e-02 3.488205745816230774e-02 3.718569129705429077e-02 4.259790107607841492e-02 4.162633791565895081e-02 3.877273574471473694e-02 3.796499967575073242e-02
8.822199888527393341e-03 2.123281545937061310e-02 3.002726472914218903e-02 3.131544589996337891e-02 2.704835124313831329e-02 2.604642882943153381e-02 1.495717465877532959e-02 5.874146241694688797e-03 2.331517264246940613e-02 2.548374421894550323e-02 1.897154562175273895e-02
6.462148576974868774e-02 5.931067466735839844e-02 4.712506383657455444e-02 2.966384217143058777e-02 1.374275796115398407e-02 2.385197952389717102e-02 4.020116850733757019e-02 5.098157376050949097e-02 6.426598876714706421e-02 7.460276037454605103e-02 7.875526696443557739e-02
7.353100180625915527e-02 6.725337356328964233e-02 4.430619999766349792e-02 1.931721903383731842e-02 1.925330795347690582e-02 2.973600476980209351e-02 4.798220843076705933e-02 6.504040956497192383e-02 6.982794404029846191e-02 6.349275261163711548e-02 5.854533612728118896e-02
7.653515785932540894e-02 5.914609879255294800e-02 3.370391577482223511e-02 1.120812818408012390e-02 1.058170665055513382e-02 1.344586350023746490e-02 1.537080015987157822e-02 3.045547567307949066e-02 4.134455323219299316e-02 3.701435402035713196e-02 3.086695820093154907e-02
9.537956863641738892e-02 8.934590965509414673e-02 5.984517559409141541e-02 3.962318599224090576e-02 2.597216144204139709e-02 2.165844291448593140e-02 1.889057457447052002e-02 2.670847438275814056e-02 3.911644220352172852e-02 4.590664803981781006e-02 4.727265238761901855e-02
8.210727572441101074e-02 7.475606352090835571e-02 6.291197240352630615e-02 3.814870864152908325e-02 2.895903214812278748e-02 2.953970804810523987e-02 3.446983173489570618e-02 2.236974984407424927e-02 3.108253236860036850e-03 2.230860479176044464e-02 3.234999254345893860e-02
6.194650661200284958e-03 2.644655108451843262e-02 3.960381820797920227e-02 4.102792963385581970e-02 3.785129636526107788e-02 3.485380858182907104e-02 3.429235890507698059e-02 3.469305858016014099e-02 3.095925971865653992e-02 3.635751083493232727e-02 3.688237443566322327e-02
1.549652963876724243e-02 1.309146638959646225e-02 2.869143523275852203e-02 5.072201415896415710e-02 6.266947835683822632e-02 5.906648188829421997e-02 3.237371146678924561e-02 1.404167152941226959e-02 2.403115667402744293e-02 2.159592323005199432e-02 1.754395477473735809e-02
6.129898503422737122e-02 6.176189705729484558e-02 7.546710222959518433e-02 9.625993669033050537e-02 1.112210005521774292e-01 9.890109300613403320e-02 7.820238918066024780e-02 4.736083373427391052e-02 2.910297550261020660e-02 2.036397904157638550e-02 1.720534265041351318e-02
6.923943012952804565e-02 7.931941747665405273e-02 9.537410736083984375e-02 1.033205315470695496e-01 9.138254821300506592e-02 8.030828088521957397e-02 6.102548912167549133e-02 4.109748080372810364e-02 1.157602760940790176e-02 9.912575595080852509e-03 1.737681217491626740e-02
3.404695913195610046e-02 4.848578572273254395e-02 5.545018240809440613e-02 4.072110727429389954e-02 2.304713428020477295e-02 9.746582247316837311e-03 2.297087386250495911e-02 3.177777305245399475e-02 3.811268508434295654e-02 3.702029585838317871e-02 3.719736635684967041e-02
7.962807267904281616e-02 6.582210212945938110e-02 3.933041542768478394e-02 1.053096819669008255e-02 1.419441401958465576e-02 2.588620968163013458e-02 2.020093239843845367e-02 6.900796666741371155e-03 1.487754657864570618e-02 3.446927666664123535e-02 4.245114699006080627e-02
8.026378601789474487e-02 7.477238774299621582e-02 5.815157294273376465e-02 4.615667834877967834e-02 4.470466822385787964e-02 4.246149212121963501e-02 4.407424107193946838e-02 4.308934882283210754e-02 3.724902495741844177e-02 4.063282161951065063e-02 4.219505563378334045e-02
2.822071127593517303e-02 3.356660157442092896e-02 3.633729368448257446e-02 2.013012208044528961e-02 1.277701742947101593e-02 3.586126491427421570e-02 4.815706610679626465e-02 4.102903977036476135e-02 2.038113027811050415e-02 3.571474179625511169e-02 4.547351226210594177e-02
2.896099910140037537e-02 3.282589092850685120e-02 3.242314234375953674e-02 2.934754453599452972e-02 2.120884694159030914e-02 2.959511801600456238e-02 5.097857117652893066e-02 7.509231567382812500e-02 9.509254246950149536e-02 1.044461354613304138e-01 1.103132590651512146e-01
4.364888742566108704e-02 3.491633012890815735e-02 2.120346017181873322e-02 1.273315120488405228e-02 1.015218626707792282e-02 2.137539722025394440e-02 3.734805807471275330e-02 5.548974871635437012e-02 7.402186095714569092e-02 7.962636649608612061e-02 7.677919417619705200e-02
5.487180501222610474e-02 4.883447289466857910e-02 3.543895855545997620e-02 2.730128169059753418e-02 3.249795734882354736e-02 2.301064692437648773e-02 1.165402587503194809e-02 3.640170767903327942e-02 5.564418435096740723e-02 5.043219774961471558e-02 3.796292468905448914e-02
6.227551400661468506e-02 5.700087547302246094e-02 4.019414633512496948e-02 1.412383746355772018e-02 2.044692076742649078e-02 5.243529006838798523e-02 7.692884653806686401e-02 9.826102852821350098e-02 9.502431750297546387e-02 7.798644155263900757e-02 6.614787876605987549e-02
1.788457296788692474e-02 2.891602180898189545e-02 4.020976647734642029e-02 4.641684517264366150e-02 5.241134017705917358e-02 7.422902435064315796e-02 1.045694947242736816e-01 1.258761286735534668e-01 1.312520354986190796e-01 1.076033040881156921e-01 8.827345073223114014e-02
1.146078668534755707e-02 1.777765527367591858e-02 2.991488389670848846e-02 3.131959214806556702e-02 1.804457418620586395e-02 1.751645281910896301e-02 5.251686275005340576e-02 8.477047830820083618e-02 1.063927635550498962e-01 1.219682320952415466e-01 1.277177780866622925e-01
2.149257436394691467e-02 2.638849802315235138e-02 3.714861720800399780e-02 4.265107586979866028e-02 4.228004068136215210e-02 3.020305372774600983e-02 3.488539019599556923e-03 2.806934900581836700e-02 4.336718097329139709e-02 3.658839315176010132e-02 1.727018319070339203e-02
6.369813345372676849e-03 2.504666894674301147e-02 4.099214449524879456e-02 4.688837379217147827e-02 4.302223771810531616e-02 3.968238085508346558e-02 3.964474052190780640e-02 4.065825417637825012e-02 4.499116539955139160e-02 4.137326776981353760e-02 4.099669679999351501e-02
2.838530950248241425e-02 2.996376156806945801e-02 3.162566572427749634e-02 3.036400116980075836e-02 2.133391238749027252e-02 1.734487363137304783e-03 1.849560998380184174e-02 3.667857125401496887e-02 3.427300229668617249e-02 2.310021780431270599e-02 3.349241334944963455e-03
5.628932267427444458e-03 4.287592601031064987e-03 5.354166496545076370e-03 1.575392670929431915e-02 2.201454527676105499e-02 2.122567035257816315e-02 1.370167173445224762e-02 1.276161428540945053e-02 2.832517772912979126e-02 3.707471117377281189e-02 4.108155518770217896e-02
1.338736992329359055e-02 1.116826571524143219e-02 5.233982112258672714e-03 1.089519448578357697e-02 3.102306835353374481e-02 4.091498255729675293e-02 4.700843617320060730e-02 4.400059208273887634e-02 4.447752237319946289e-02 3.131179139018058777e-02 1.286302879452705383e-02
5.199985206127166748e-02 5.292708799242973328e-02 5.374944582581520081e-02 5.888650193810462952e-02 5.964676290750503540e-02 6.063786521553993225e-02 6.111746653914451599e-02 7.418355345726013184e-02 7.770849764347076416e-02 7.472898066043853760e-02 7.224117219448089600e-02
2.521874755620956421e-02 3.776172548532485962e-02 5.781989917159080505e-02 6.341399997472763062e-02 5.647884681820869446e-02 3.284195438027381897e-02 1.942082494497299194e-02 4.686841741204261780e-02 6.378189474344253540e-02 6.255380064249038696e-02 5.705203860998153687e-02
4.498376324772834778e-02 4.310796409845352173e-02 2.927273325622081757e-02 1.415456272661685944e-02 2.682793140411376953e-02 4.410936310887336731e-02 5.141049250960350037e-02 5.070757493376731873e-02 5.063728988170623779e-02 4.021250829100608826e-02 3.274118155241012573e-02
5.744829773902893066e-02 5.402985215187072754e-02 4.768232256174087524e-02 4.234173893928527832e-02 3.935344144701957703e-02 3.164660930633544922e-02 1.456036698073148727e-02 1.017945539206266403e-02 2.910857275128364563e-02 4.843531548976898193e-02 5.478180944919586182e-02
2.210225537419319153e-02 2.478470839560031891e-02 2.884980663657188416e-02 3.015502355992794037e-02 2.618512324988842010e-02 2.506778948009014130e-02 2.332930266857147217e-02 1.548134349286556244e-02 1.942641101777553558e-02 3.485013172030448914e-02 4.137689620256423950e-02
6.163423415273427963e-03 4.182344768196344376e-03 5.127533804625272751e-03 8.571534417569637299e-03 1.249950192868709564e-02 1.042213849723339081e-02 1.826487109065055847e-02 3.555436059832572937e-02 4.566702246665954590e-02 6.364601850509643555e-02 7.271795719861984253e-02
8.780793868936598301e-04 3.405481576919555664e-03 4.649577662348747253e-03 9.316660463809967041e-03 1.914197765290737152e-02 3.540414571762084961e-02 5.895419791340827942e-02 7.929851859807968140e-02 9.943899512290954590e-02 1.104851812124252319e-01 1.140806972980499268e-01
5.679715890437364578e-03 4.036048892885446548e-03 8.115121163427829742e-03 1.562762446701526642e-02 2.563241682946681976e-02 3.522506356239318848e-02 4.889808595180511475e-02 6.812037527561187744e-02 7.571794837713241577e-02 5.310843884944915771e-02 2.129621431231498718e-02
1.336215343326330185e-02 1.792599819600582123e-02 2.717367373406887054e-02 3.355762362480163574e-02 3.068706393241882324e-02 1.807037368416786194e-02 2.356670983135700226e-02 4.802461341023445129e-02 6.514571607112884521e-02 7.495441287755966187e-02 7.710680365562438965e-02
4.654957726597785950e-02 4.817597195506095886e-02 4.758938401937484741e-02 4.253686591982841492e-02 3.160595893859863281e-02 1.985656842589378357e-02 1.765019260346889496e-02 2.635530568659305573e-02 4.158433526754379272e-02 5.777047201991081238e-02 6.514643877744674683e-02
2.264332212507724762e-02 2.300374582409858704e-02 2.614609338343143463e-02 2.768170274794101715e-02 2.538371458649635315e-02 2.346837334334850311e-02 2.144845016300678253e-02 1.420351583510637283e-02 1.603399589657783508e-02 3.759798780083656311e-02 4.711703583598136902e-02
9.372582280775532126e-05 2.986735198646783829e-03 4.234043415635824203e-03 7.089400663971900940e-03 1.157736312597990036e-02 1.437777187675237656e-02 1.973666995763778687e-02 3.121145814657211304e-02 4.854738339781761169e-02 6.402970850467681885e-02 6.930363923311233521e-02
7.624553050845861435e-03 8.513256907463073730e-03 8.175236172974109650e-03 7.143384311348199844e-03 9.627197869122028351e-03 9.880927391350269318e-03 2.788305049762129784e-03 1.650792360305786133e-02 3.957409411668777466e-02 5.782650411128997803e-02 6.641435623168945312e-02
1.589211821556091309e-02 1.809458062052726746e-02 2.626447565853595734e-02 2.986614033579826355e-02 2.791684865951538086e-02 2.168256416916847229e-02 1.439260598272085190e-02 7.119039073586463928e-03 2.411073073744773865e-02 3.850014135241508484e-02 4.266230762004852295e-02
2.460755966603755951e-02 2.942050620913505554e-02 3.536241874098777771e-02 4.258634150028228760e-02 4.437869042158126831e-02 3.825280070304870605e-02 2.948932349681854248e-02 2.509336546063423157e-02 1.909663528203964233e-02 1.629149541258811951e-02 1.573844067752361298e-02
1.330521516501903534e-02 7.417449727654457092e-03 2.007639594376087189e-02 3.369105607271194458e-02 3.607526421546936035e-02 2.696006372570991516e-02 1.524672843515872955e-02 1.373684778809547424e-02 9.883204475045204163e-03 6.068813614547252655e-03 6.602960638701915741e-03
7.661063689738512039e-03 2.618146501481533051e-02 4.587233439087867737e-02 5.810153856873512268e-02 5.517111346125602722e-02 4.323253408074378967e-02 3.119182400405406952e-02 3.209256380796432495e-02 2.644643932580947876e-02 1.436757016927003860e-02 8.958864491432905197e-04
6.382586061954498291e-02 6.900920718908309937e-02 7.868935912847518921e-02 7.836826145648956299e-02 6.620378792285919189e-02 4.737862199544906616e-02 4.321752861142158508e-02 4.599992558360099792e-02 5.164569243788719177e-02 5.210899934172630310e-02 5.147442594170570374e-02
4.667611047625541687e-02 5.165036022663116455e-02 5.584041774272918701e-02 5.340528860688209534e-02 4.150859266519546509e-02 2.865881845355033875e-02 2.419243939220905304e-02 3.570071235299110413e-02 4.258994758129119873e-02 4.110300540924072266e-02 3.778511285781860352e-02
4.542603157460689545e-03 8.693070150911808014e-03 1.932268217206001282e-02 2.581381052732467651e-02 1.744808070361614227e-02 7.794272620230913162e-03 1.999362371861934662e-02 2.461213991045951843e-02 2.181460522115230560e-02 1.455643214285373688e-02 8.387306705117225647e-03
4.255648702383041382e-02 4.365367442369461060e-02 4.473173618316650391e-02 4.016447439789772034e-02 3.425699472427368164e-02 2.651211991906166077e-02 2.116000466048717499e-02 1.255290303379297256e-02 3.381451591849327087e-03 7.660989183932542801e-03 1.300857029855251312e-02
2.293117903172969818e-02 3.390934690833091736e-02 4.518493264913558960e-02 4.293304309248924255e-02 2.637065015733242035e-02 4.190466832369565964e-03 1.354601792991161346e-02 2.237948589026927948e-02 1.784321665763854980e-02 1.036149356514215469e-02 2.710178086999803782e-04
1.283214893192052841e-02 2.322076261043548584e-02 3.657707199454307556e-02 4.830715432763099670e-02 4.732178524136543274e-02 4.218943044543266296e-02 4.442241415381431580e-02 4.922965168952941895e-02 5.460121482610702515e-02 5.348863825201988220e-02 5.176557600498199463e-02
3.688074648380279541e-02 4.336777329444885254e-02 4.773284494876861572e-02 4.131460189819335938e-02 3.070899099111557007e-02 1.895889453589916229e-02 1.518035214394330978e-02 3.024251200258731842e-02 5.358222499489784241e-02 7.109366357326507568e-02 7.758379727602005005e-02
4.737855121493339539e-02 4.695828258991241455e-02 4.344673082232475281e-02 2.944155596196651459e-02 1.106089446693658829e-02 7.134489249438047409e-03 1.683374866843223572e-02 2.463584206998348236e-02 2.732254378497600555e-02 3.333807364106178284e-02 3.624860197305679321e-02
2.993367612361907959e-02 4.478843510150909424e-02 5.337595567107200623e-02 4.950388520956039429e-02 3.709085285663604736e-02 2.816937677562236786e-02 1.848536171019077301e-02 6.066886708140373230e-03 5.768727976828813553e-03 9.612145833671092987e-03 9.792951866984367371e-03
9.734509140253067017e-02 8.798559010028839111e-02 6.868901103734970093e-02 3.319710865616798401e-02 9.541631676256656647e-03 3.235353901982307434e-02 3.752833604812622070e-02 2.686783298850059509e-02 1.521952264010906219e-02 1.484505273401737213e-02 1.522197946906089783e-02
6.169633939862251282e-02 6.544586271047592163e-02 6.754264980554580688e-02 7.299291342496871948e-02 7.769838720560073853e-02 8.460010588169097900e-02 8.855964243412017822e-02 8.422518521547317505e-02 6.864102929830551147e-02 5.484107881784439087e-02 5.165759474039077759e-02
1.633634231984615326e-02 1.037027779966592789e-02 2.266230061650276184e-02 4.423547163605690002e-02 4.771906509995460510e-02 3.985392674803733826e-02 6.066597253084182739e-02 8.687461912631988525e-02 9.107568860054016113e-02 6.221112608909606934e-02 3.393953293561935425e-02
1.037506386637687683e-02 2.349043451249599457e-02 4.290134459733963013e-02 5.638213083148002625e-02 5.785571411252021790e-02 5.750823393464088440e-02 6.725705415010452271e-02 8.103298395872116089e-02 8.631425350904464722e-02 9.311412274837493896e-02 9.584750980138778687e-02
3.045547939836978912e-02 3.131845593452453613e-02 3.934730216860771179e-02 4.843532294034957886e-02 6.223125383257865906e-02 7.344439625740051270e-02 6.424426287412643433e-02 3.062179870903491974e-02 7.895753718912601471e-03 4.084417223930358887e-02 5.153301730751991272e-02
9.092061780393123627e-03 1.777635328471660614e-02 1.863604225218296051e-02 9.389599785208702087e-03 2.757899835705757141e-02 5.347160995006561279e-02 6.740971654653549194e-02 6.345210969448089600e-02 4.653358832001686096e-02 2.467903308570384979e-02 1.321312598884105682e-02
1.595460809767246246e-02 1.778617873787879944e-02 1.626777276396751404e-02 2.111945301294326782e-02 3.890280425548553467e-02 6.098247319459915161e-02 7.433751970529556274e-02 6.919343024492263794e-02 4.571507498621940613e-02 1.866957359015941620e-02 2.115169307217001915e-03
1.190591882914304733e-02 1.093736663460731506e-02 1.183616369962692261e-02 1.433004811406135559e-02 3.132654353976249695e-02 5.417136102914810181e-02 6.932463496923446655e-02 6.952096521854400635e-02 5.445643514394760132e-02 3.316814079880714417e-02 2.517168968915939331e-02
1.904357410967350006e-02 2.112284675240516663e-02 1.784150674939155579e-02 1.011693570762872696e-02 2.316140942275524139e-02 4.048339650034904480e-02 4.525364935398101807e-02 4.218365997076034546e-02 4.303787648677825928e-02 4.016163945198059082e-02 3.523414209485054016e-02
3.870737925171852112e-02 3.659299015998840332e-02 3.576619550585746765e-02 3.688646852970123291e-02 4.346058145165443420e-02 4.745998233556747437e-02 4.339310154318809509e-02 3.633002936840057373e-02 4.539588838815689087e-02 6.714457273483276367e-02 7.614700496196746826e-02
1.701556146144866943e-02 2.043349482119083405e-02 2.542758919298648834e-02 3.128034994006156921e-02 3.271403163671493530e-02 3.368501365184783936e-02 3.965810686349868774e-02 5.036349222064018250e-02 6.335707753896713257e-02 7.384610921144485474e-02 7.879953086376190186e-02
3.828290849924087524e-03 1.007406786084175110e-02 1.234546676278114319e-02 1.388612296432256699e-02 1.135264523327350616e-02 8.852918632328510284e-03 1.366718672215938568e-02 1.487010251730680466e-02 8.475920185446739197e-03 2.768755145370960236e-02 3.569370880722999573e-02
3.541755303740501404e-02 2.789924852550029755e-02 2.108200825750827789e-02 1.016756054013967514e-02 1.679606921970844269e-02 2.542284876108169556e-02 2.995518408715724945e-02 2.849456854164600372e-02 3.409606590867042542e-02 3.901379182934761047e-02 4.439391568303108215e-02
5.513401702046394348e-02 5.644614621996879578e-02 4.639328271150588989e-02 4.246472939848899841e-02 3.934536874294281006e-02 3.587694466114044189e-02 2.359492331743240356e-02 7.394112646579742432e-03 1.879492774605751038e-02 4.144264385104179382e-02 4.593265056610107422e-02
